24
38
28
28
37
26
36
34
32
33
31
29
20
28
33
33
21
34
30
39
27
27
24
31
29
30
32
28
38
23
30
27
27
29
30
29
32
21
25
23
24
29
32
23
36
29
27
30
24
34
30
36
35
28
31
36
22
31
29
25
25
32
28
19
28
24
22
26
20
36
32
28
36
35
27
29
24
31
39
31
17
36
35
29
16
34
26
22
30
30
31
33
21
35
31
30
32
30
26
32
21
25
35
28
31
38
33
30
28
34
30
34
40
30
25
35
32
19
26
31
32
31
36
37
29
27
31
24
33
36
32
25
31
42
31
36
28
22
42
18
37
33
32
33
36
36
43
21
23
30
30
33
25
27
31
31
27
29
28
27
30
27
16
36
21
31
26
29
24
25
34
27
31
24
35
32
28
38
33
27
31
22
28
25
26
22
23
31
31
34
27
33
27
32
37
34
26
30
37
24
33
32
33
31
29
28
26
23
33
38
35
25
29
32
28
33
35
35
29
24
32
33
34
29
27
41
29
29
32
23
31
26
26
27
29
29
32
32
36
34
30
29
28
28
26
27
32
32
43
28
27
23
18
35
27
28
29
40
23
41
33
40
26
31
26
28
26
38
33
40
34
25
32
32
27
26
34
23
24
33
29
31
31
37
35
25
34
35
33
32
39
36
38
28
30
31
33
26
25
35
26
24
23
31
33
29
40
29
31
30
25
29
24
35
31
32
27
31
24
34
29
31
21
26
33
16
28
26
25
38
22
33
26
40
30
29
19
38
34
30
32
28
28
26
32
33
29
30
31
34
36
27
28
33
29
34
30
25
33
32
36
29
31
23
32
23
20
30
25
33
23
28
26
26
28
33
24
25
30
32
27
33
28
27
21
29
28
31
30
27
36
34
33
22
42
26
31
28
28
35
33
20
28
29
37
32
28
31
22
32
31
30
40
28
33
26
29
39
26
27
30
34
36
24
32
25
33
27
30
24
36
34
24
25
33
27
35
35
32
23
30
23
28
34
30
33
33
20
34
34
29
33
24
30
34
31
32
28
34
28
36
25
28
23
38
26
28
31
29
36
37
34
24
25
28
35
27
31
32
31
29
32
36
32
23
31
25
25
35
19
21
22
38
34
40
37
29
23
36
30
36
34
27
26
35
34
21
26
33
35
26
38
25
32
26
22
22
37
27
26
29
20
35
33
24
31
24
28
33
20
30
24
32
22
27
22
24
22
34
26
37
34
29
32
19
21
25
39
19
29
39
26
29
34
29
20
25
33
38
27
29
33
26
35
26
25
25
30
37
22
27
34
21
35
32
34
27
23
22
31
37
24
30
32
36
27
28
27
32
39
27
23
32
34
32
35
41
22
27
35
23
31
31
22
28
26
39
29
30
30
31
35
36
39
27
32
43
28
33
34
36
29
29
35
24
24
23
27
34
27
28
36
32
30
34
23
24
29
29
29
30
26
29
31
32
32
37
30
35
25
31
34
29
33
28
24
34
34
34
35
21
38
29
31
22
29
24
24
33
33
25
33
45
34
26
30
25
29
26
32
33
35
30
36
19
31
38
23
25
31
22
31
37
24
24
27
29
31
29
32
29
27
24
24
28
40
35
31
25
31
36
24
30
11
26
33
28
35
31
31
33
29
33
30
30
29
26
24
29
34
25
31
30
26
30
23
28
28
19
33
31
34
37
28
25
30
33
36
26
35
27
35
26
37
23
33
30
34
40
18
36
33
29
36
35
32
15
33
41
29
34
26
30
39
23
34
26
25
31
28
29
28
27
21
26
37
29
37
29
20
26
31
43
31
34
30
30
27
30
25
26
23
30
30
26
32
23
29
33
22
22
32
24
31
28
26
28
34
34
34
21
17
37
34
26
29
32
30
23
26
34
28
33
32
22
40
26
37
34
30
33
28
31
28
32
32
26
34
23
40
25
18
34
32
33
38
25
37
31
37
21
35
29
32
34
33
27
25
33
27
29
36
28
29
29
39
23
31
30
25
19
32
31
29
38
35
35
32
23
23
33
35
35
33
33
31
26
33
29
30
37
34
35
36
32
29
26
27
33
26
28
34
35
37
33
39
29
28
30
30
24
33
27
34
30
36
35
35
27
36
30
31
28
28
32
27
37
31
28
28
22
29
33
30
31
27
33
41
27
29
30
28
36
22
28
30
29
25
28
31
29
38
40
37
27
21
32
39
26
28
40
26
22
38
26
37
33
17
30
29
31
33
33
35
34
32
29
35
20
29
32
30
35
31
37
26
33
33
38
27
37
