35
28
27
29
35
37
33
25
41
21
42
31
27
41
36
24
37
32
30
29
32
32
24
24
30
36
34
28
35
22
31
38
26
30
31
34
30
27
41
31
36
25
31
31
29
29
31
30
27
33
36
37
26
30
22
30
33
17
26
38
33
27
29
24
30
24
32
25
34
39
31
32
33
19
34
39
22
27
29
30
29
40
43
27
32
25
33
29
23
26
30
31
27
24
26
31
33
21
31
37
39
36
34
30
31
31
26
29
28
29
24
29
33
24
19
33
33
36
34
40
33
31
26
26
38
25
35
30
30
27
26
23
34
31
38
30
38
25
35
20
30
26
28
36
28
31
28
38
35
35
34
36
24
24
22
40
31
28
30
31
38
36
35
31
26
32
28
30
36
30
35
39
36
33
31
33
34
29
24
28
27
34
22
33
33
17
37
25
35
38
29
24
24
39
37
28
31
30
40
27
39
35
27
23
24
27
32
22
29
38
30
37
38
23
35
27
31
34
32
34
31
31
27
39
32
26
31
34
36
31
33
36
23
34
27
39
40
33
30
30
27
38
29
29
36
26
17
32
32
20
31
32
34
28
28
32
31
21
41
28
20
33
33
30
32
32
23
30
32
25
29
22
36
37
32
30
23
27
27
32
36
37
20
34
36
38
24
27
27
26
38
34
33
36
32
25
30
27
32
32
32
33
28
24
28
36
24
28
35
34
23
30
22
27
26
32
38
26
35
36
28
36
36
31
33
21
29
21
28
25
27
24
28
29
24
31
25
24
31
35
23
35
28
32
23
36
37
34
32
30
24
22
26
30
39
29
29
32
24
26
33
33
31
27
29
30
20
23
39
35
32
33
30
28
26
20
30
28
28
28
32
35
42
25
38
27
24
32
29
29
29
45
30
26
31
33
21
33
27
35
30
26
30
26
30
25
37
38
38
33
31
17
34
30
22
34
26
26
34
22
39
30
26
29
20
31
37
33
33
23
43
31
35
28
24
25
31
32
25
27
26
27
25
37
30
27
34
27
35
34
26
23
32
25
32
29
30
25
34
36
27
38
30
34
30
22
28
26
32
32
37
29
29
27
21
25
36
35
30
28
25
35
29
27
34
30
41
24
26
46
35
36
28
23
27
33
31
30
28
36
33
32
31
33
27
33
28
39
29
29
35
34
44
39
27
30
29
29
32
35
31
28
27
32
29
31
28
31
32
25
35
30
35
32
25
23
32
27
25
31
34
33
29
26
30
26
31
38
38
25
28
28
31
34
34
36
28
30
36
29
21
34
24
34
29
28
24
32
21
20
25
30
34
28
30
38
24
32
27
30
31
40
27
22
32
22
26
31
20
33
36
37
22
37
34
27
21
28
17
30
20
30
31
35
31
34
32
24
23
31
32
33
21
34
20
38
26
20
25
35
34
29
38
31
34
27
28
25
28
45
29
33
28
25
26
30
27
34
34
28
26
26
31
33
29
30
33
29
24
27
30
41
22
34
16
38
36
36
37
41
30
26
30
30
26
32
30
28
33
29
35
32
27
28
28
33
32
24
36
31
26
35
34
24
25
38
22
41
34
36
32
35
35
26
25
31
34
26
23
21
32
32
30
25
32
30
28
25
28
26
37
28
35
29
28
16
31
29
25
32
36
33
26
34
34
24
36
30
31
40
28
27
29
29
31
27
23
31
28
26
26
26
31
35
32
35
30
28
27
30
30
25
24
41
34
26
30
24
24
38
26
30
32
28
31
29
24
31
32
32
26
15
33
33
28
32
23
37
27
31
34
24
29
24
30
41
30
28
18
27
38
30
41
23
25
26
27
29
29
39
33
32
27
28
22
36
29
38
34
27
39
34
20
28
33
23
26
34
33
34
36
40
25
32
23
27
24
29
28
30
25
31
28
33
30
24
27
31
27
32
22
32
28
35
28
23
30
32
25
26
22
19
25
43
30
25
28
32
25
32
19
26
21
30
32
29
28
36
33
33
32
34
37
28
25
29
27
30
29
29
30
29
29
26
23
26
27
29
32
37
20
34
26
23
21
26
17
38
26
27
37
15
42
23
34
26
28
30
31
34
36
31
19
38
28
29
34
37
28
28
36
21
28
25
37
32
35
28
31
30
26
32
30
32
27
28
29
31
29
33
29
28
33
31
23
30
37
29
27
33
25
26
30
30
31
24
22
40
31
35
38
25
23
29
31
35
31
28
26
24
28
35
28
29
33
18
24
36
34
24
30
27
37
30
26
31
30
23
28
27
38
28
23
28
28
24
27
31
22
36
29
