30
27
26
29
29
21
26
32
32
35
39
24
25
32
33
33
34
36
30
29
39
36
32
33
27
28
22
33
31
30
31
29
26
25
37
43
21
29
25
16
22
29
28
27
28
31
31
27
31
33
33
22
33
37
33
29
31
33
26
25
24
34
28
33
35
34
19
26
29
34
29
24
25
33
27
22
37
31
26
40
30
32
32
34
37
44
30
26
28
35
27
36
25
34
36
32
33
39
24
21
33
27
37
24
29
32
29
32
29
27
20
36
31
30
33
27
24
38
20
32
36
24
34
38
38
38
28
32
30
33
30
28
34
28
22
24
27
32
40
29
34
29
33
34
14
25
31
38
36
27
38
23
29
30
35
22
32
32
30
28
29
31
26
26
37
39
25
21
31
24
32
37
30
33
26
39
23
24
26
26
31
33
29
37
30
27
21
41
27
31
29
30
22
29
38
26
37
34
30
15
35
33
22
30
25
29
18
27
29
26
20
31
33
31
31
20
30
32
33
32
38
32
25
25
37
33
40
31
28
28
23
23
24
31
22
36
27
32
28
30
34
29
36
37
32
36
31
31
29
29
33
30
33
30
32
33
26
35
30
26
35
26
25
26
37
28
25
26
31
31
22
30
28
26
35
28
29
26
30
26
25
21
30
33
25
41
26
28
35
41
27
26
26
32
30
31
38
35
21
37
25
24
38
32
39
34
25
31
24
27
25
25
41
31
33
27
26
21
32
27
33
33
30
26
31
27
30
33
25
33
33
29
30
31
30
20
25
31
31
35
37
43
26
34
35
28
36
29
26
24
36
27
38
31
33
33
30
33
25
29
32
29
21
34
21
33
31
32
30
32
28
33
28
36
22
28
31
25
27
37
30
36
30
26
34
34
24
35
20
26
34
43
22
26
29
35
37
33
29
27
30
33
29
28
40
29
36
35
31
32
32
34
33
28
28
18
36
31
27
36
39
23
33
28
39
35
29
29
18
28
31
31
28
31
31
30
26
20
31
21
35
36
25
32
26
27
36
34
29
33
30
26
32
25
32
35
28
32
27
29
32
28
28
27
39
23
27
30
30
25
37
26
31
33
28
29
28
33
35
31
26
33
21
31
29
34
32
24
45
26
32
32
31
37
38
26
31
23
28
27
31
20
26
35
30
32
34
35
32
27
28
34
30
30
30
35
26
41
33
23
33
38
29
22
20
27
34
28
23
32
29
29
34
27
41
30
24
29
36
28
31
14
31
31
17
27
27
32
25
23
30
28
34
33
26
32
31
28
31
24
30
31
34
40
24
23
28
36
37
37
32
25
33
28
37
30
25
21
32
37
28
29
34
30
20
37
33
40
26
36
26
24
37
30
29
25
26
27
28
26
37
27
34
29
21
35
25
26
27
19
33
34
34
35
35
23
44
29
23
34
32
37
20
34
30
20
28
34
21
27
29
31
34
28
36
30
25
27
30
35
38
26
36
20
26
31
29
39
29
41
24
25
28
30
31
28
30
29
29
32
34
24
32
23
30
30
29
34
28
32
27
28
38
24
38
26
29
35
40
41
25
33
19
26
34
31
30
28
24
34
25
29
24
34
26
26
26
21
25
14
34
33
32
21
27
20
35
39
23
28
45
25
24
32
40
24
26
23
36
27
28
28
16
32
39
31
28
32
26
26
26
32
22
19
30
39
33
35
24
27
29
29
26
37
27
32
29
34
37
34
27
30
39
30
31
34
34
36
26
29
44
30
29
26
30
31
32
33
31
32
25
30
28
27
27
27
26
32
27
15
31
29
28
29
28
25
38
32
33
29
27
29
28
23
30
24
32
25
33
24
24
33
30
29
32
24
25
27
27
40
32
30
26
37
42
31
31
31
28
28
29
28
34
34
21
26
36
30
32
29
35
21
27
33
31
33
25
37
24
32
35
29
30
29
23
34
34
33
37
33
33
30
28
23
38
21
35
32
25
32
28
27
23
36
30
34
22
35
29
19
28
28
21
33
26
27
31
31
31
24
30
22
29
42
25
31
32
38
38
27
26
35
29
23
30
24
30
32
24
34
29
36
33
38
30
26
43
32
19
29
26
37
32
39
33
31
27
29
27
17
33
19
30
29
30
31
34
37
29
35
31
33
25
25
34
26
34
28
22
37
22
32
33
37
33
28
36
28
27
26
30
31
35
32
32
28
37
30
28
31
19
31
26
41
28
28
32
33
29
27
20
24
28
39
32
27
34
32
40
28
26
32
38
28
28
32
35
31
26
28
35
28
22
30
19
43
32
35
36
23
31
