39
33
27
30
21
29
35
35
35
28
29
29
28
31
33
24
29
39
28
31
37
34
28
35
25
22
22
25
25
31
32
32
35
30
24
37
29
26
34
23
26
28
40
29
26
30
34
30
25
42
39
23
29
30
33
30
27
28
29
31
28
23
28
32
33
31
29
29
23
40
25
36
21
29
30
27
41
27
30
31
31
30
38
24
29
22
30
27
33
32
26
31
34
21
26
26
31
33
30
29
25
31
27
32
35
27
27
28
30
26
32
36
31
30
27
26
30
22
26
25
34
26
33
23
27
32
19
27
43
24
37
27
34
33
30
31
29
37
32
32
42
27
27
31
33
28
29
33
34
28
30
26
32
37
34
21
24
32
19
33
24
33
26
24
36
27
35
31
28
34
18
37
29
25
24
41
36
26
27
38
34
24
40
25
36
33
22
29
32
25
30
27
31
29
34
35
25
26
26
30
41
29
29
27
33
32
28
23
31
38
31
31
21
23
35
26
24
32
26
34
23
26
28
31
26
32
34
30
30
18
30
34
29
28
22
28
33
29
20
32
30
47
29
31
25
41
33
19
31
32
28
29
25
25
27
31
28
34
20
27
31
36
35
25
28
25
26
31
32
26
26
27
29
27
33
32
38
31
39
35
28
31
28
31
25
34
29
34
28
36
34
29
28
34
23
28
26
32
24
21
20
23
29
29
32
28
43
35
39
28
42
34
31
35
33
32
29
29
35
23
25
30
21
33
22
36
23
35
32
34
30
34
25
29
32
25
35
26
29
33
20
26
39
30
33
21
25
24
29
36
35
34
31
31
31
39
29
35
25
39
24
35
31
36
33
36
28
33
35
32
36
28
30
38
39
33
29
32
31
34
22
27
33
30
34
35
30
19
22
36
28
31
30
34
37
28
32
28
39
37
32
38
32
32
28
22
25
40
25
28
22
28
30
25
24
39
39
33
30
38
23
30
30
26
31
37
27
36
32
29
30
23
25
42
24
31
26
31
26
25
26
36
27
39
27
32
22
30
32
29
28
34
35
32
19
25
31
30
37
37
21
32
31
34
38
32
30
37
24
31
24
28
30
25
29
29
20
29
31
24
24
26
32
44
33
27
27
30
38
31
27
24
29
33
29
30
31
32
33
30
33
24
25
24
29
33
27
27
28
36
28
33
30
27
20
28
35
36
25
29
33
26
27
32
38
25
30
28
27
33
33
34
19
26
33
33
26
28
33
26
39
29
34
29
30
35
30
33
27
33
32
29
25
28
25
28
30
27
33
30
31
28
25
31
38
30
30
40
16
30
23
31
32
21
25
29
34
20
27
31
35
40
29
27
32
27
27
27
29
34
32
34
30
32
35
29
25
33
30
30
38
27
28
36
29
22
30
38
30
27
32
24
32
34
40
36
26
39
32
27
23
28
32
28
34
28
36
23
23
29
38
30
31
30
28
26
33
27
19
19
31
34
41
30
29
28
34
41
32
23
37
23
31
29
29
28
28
32
31
24
31
30
35
32
35
29
27
21
25
24
30
25
26
26
33
35
34
44
37
30
28
30
29
33
31
26
40
32
37
36
20
23
35
33
33
25
33
21
27
23
34
31
32
28
29
25
30
31
20
36
28
45
16
23
30
18
30
27
23
37
23
29
28
28
30
33
34
24
33
34
28
36
25
29
27
28
32
36
28
32
36
31
33
27
27
22
24
20
36
27
37
29
31
31
28
35
27
33
34
28
20
31
27
29
39
31
33
25
25
24
29
31
27
24
28
28
35
29
25
30
34
26
21
38
30
21
26
28
23
31
30
33
39
32
27
29
32
27
31
26
23
27
37
25
26
29
36
33
28
32
36
22
27
27
35
26
25
39
24
32
27
39
27
23
32
30
43
24
27
29
33
34
33
40
33
33
27
25
31
31
33
33
22
30
32
33
35
36
31
34
36
29
28
30
34
27
27
33
23
33
40
30
28
30
23
35
35
27
30
30
29
32
33
37
34
28
33
31
25
37
31
40
31
26
31
28
25
36
30
36
31
28
25
17
37
15
35
37
30
32
31
30
36
34
21
32
25
34
25
35
15
31
33
20
33
23
22
23
33
37
20
29
29
33
38
34
23
36
31
22
29
28
22
29
31
29
28
29
18
30
30
35
31
35
24
32
38
36
33
30
34
26
29
18
24
34
34
27
35
26
25
30
32
27
34
35
21
35
29
24
26
30
25
34
19
32
33
16
27
27
35
22
37
28
24
26
34
26
24
24
31
34
28
32
29
26
24
22
39
26
35
