34
33
32
28
18
36
28
37
32
29
40
30
23
34
28
32
25
30
28
29
29
34
29
28
31
39
27
40
24
36
36
39
23
28
30
24
26
18
36
34
44
23
37
30
33
30
29
31
37
33
31
30
26
32
28
25
26
34
32
30
30
35
30
25
23
36
29
32
38
39
20
31
29
33
26
19
28
30
32
39
28
36
36
33
26
35
36
28
34
31
23
35
32
32
29
31
34
23
26
25
29
35
35
31
28
22
33
24
25
34
33
38
23
25
34
35
27
39
39
35
41
30
26
35
35
28
41
29
24
25
34
24
35
21
32
28
39
38
27
32
20
33
21
33
30
32
33
23
35
37
22
31
28
35
25
28
34
35
28
25
33
30
36
36
35
37
23
38
33
25
28
34
31
27
27
26
28
29
30
26
33
29
28
39
29
31
37
29
29
32
42
27
26
28
22
29
31
37
37
36
29
33
27
28
30
23
22
39
28
25
44
39
28
20
27
25
26
24
31
34
28
26
29
31
20
45
21
31
32
25
27
24
17
30
38
29
37
34
36
30
33
31
32
30
27
30
31
17
25
31
34
23
22
32
30
38
31
36
31
25
25
23
23
37
29
28
34
24
30
37
33
31
28
35
34
28
25
30
27
27
38
33
37
21
19
30
29
36
33
36
41
23
28
29
37
44
26
23
31
37
22
40
33
31
28
31
19
38
35
34
32
28
20
30
42
31
30
35
26
31
41
34
33
35
29
21
36
32
32
35
33
32
32
31
39
26
25
35
28
31
29
31
30
21
25
32
30
24
28
27
30
33
28
31
35
30
33
30
24
33
34
26
40
34
31
24
27
20
24
28
26
18
32
31
28
35
32
18
29
31
30
24
40
38
28
31
29
32
37
35
25
21
23
20
37
28
32
21
35
27
25
33
28
25
35
32
27
26
39
26
30
28
33
32
25
27
29
31
28
30
33
32
38
27
34
32
24
33
29
27
37
32
29
20
31
27
24
28
30
23
38
30
21
27
28
34
22
36
30
25
27
25
44
33
38
32
28
27
33
30
29
36
22
39
29
29
29
24
23
21
26
35
27
22
22
23
31
36
42
31
34
27
28
37
40
37
28
34
19
35
38
30
21
32
33
27
35
25
27
27
24
33
22
33
22
28
32
29
28
23
32
25
28
36
30
27
37
34
28
20
32
23
31
30
21
30
19
24
29
37
24
31
31
34
26
25
25
30
31
31
34
33
32
29
30
39
36
26
30
32
32
35
31
35
33
21
26
17
24
32
32
33
31
38
26
39
36
33
31
27
26
28
38
29
32
33
27
37
20
35
30
35
16
26
22
33
25
22
31
30
28
25
29
27
36
27
20
39
32
27
28
29
32
35
26
29
24
23
33
32
25
29
36
37
30
30
33
19
27
33
36
38
30
34
34
29
35
16
39
26
21
30
29
27
37
36
39
40
22
36
27
21
27
36
27
41
35
30
33
31
33
32
32
34
24
26
34
33
28
34
30
24
24
32
26
30
33
26
36
22
22
32
27
23
28
29
35
34
35
30
31
31
20
25
30
27
23
28
40
35
25
32
29
25
30
29
32
31
34
31
31
38
25
30
29
33
33
25
33
30
31
25
33
33
33
33
35
37
33
36
16
42
31
36
28
30
25
25
34
34
31
25
36
29
29
39
22
23
37
31
41
24
32
22
30
33
35
36
23
25
29
27
30
21
26
22
32
23
40
41
34
15
34
32
25
31
36
34
26
35
27
27
26
38
33
30
38
19
41
28
23
34
33
30
27
26
27
25
26
37
29
32
25
25
29
33
22
28
32
37
23
30
32
28
26
46
30
31
37
30
33
32
43
34
26
39
31
36
33
38
36
24
26
33
31
19
31
27
26
22
32
24
30
29
29
29
31
31
26
33
28
30
33
30
30
21
25
28
24
27
30
31
26
34
23
28
39
32
28
29
29
34
28
28
24
35
34
28
32
34
32
30
33
25
37
28
34
23
23
28
32
38
27
30
31
33
29
39
39
41
29
14
31
28
29
21
33
22
31
35
24
34
34
30
34
26
29
22
27
27
23
25
30
31
28
30
18
34
27
27
25
32
23
36
23
35
22
34
27
36
33
32
36
27
31
27
33
24
30
36
31
28
38
32
36
34
23
26
22
33
33
24
34
32
36
27
31
32
37
36
37
37
25
30
38
35
33
41
32
35
33
32
33
33
39
31
23
36
30
35
24
35
38
24
20
25
35
27
30
33
29
21
28
33
24
34
36
27
34
29
19
