28
43
37
24
37
27
31
35
26
30
34
27
33
32
34
37
31
25
34
24
28
31
30
29
31
33
32
38
29
25
36
36
21
22
21
30
35
31
31
34
32
29
37
23
29
30
29
34
36
30
28
30
25
26
31
27
31
34
27
25
30
33
28
30
30
34
37
34
21
43
19
31
20
29
27
34
23
25
38
29
36
24
30
37
29
25
36
33
35
29
30
22
27
35
31
33
22
22
29
26
13
27
35
20
33
19
32
36
30
40
42
39
31
26
36
31
32
27
32
31
40
31
27
32
32
23
26
33
35
27
33
40
29
33
32
26
31
24
32
28
30
37
31
27
29
24
22
23
27
27
34
35
32
39
35
24
30
29
33
35
25
36
29
33
30
31
31
34
32
32
40
31
34
31
32
31
30
28
28
28
26
23
42
33
36
33
23
29
28
31
29
28
40
32
28
33
33
28
32
34
39
27
21
28
23
28
26
32
28
30
31
34
25
40
31
29
35
21
27
26
31
30
30
29
38
35
34
31
32
31
27
27
32
22
29
26
20
26
39
33
37
33
19
30
29
28
33
27
28
29
34
32
31
32
28
19
32
30
35
27
27
33
29
26
29
35
25
37
35
33
30
35
27
33
40
24
31
29
26
31
32
36
25
34
38
31
31
29
30
33
37
39
31
29
29
28
27
28
23
29
36
33
25
34
23
23
37
28
38
26
26
32
35
22
37
36
29
38
32
29
36
29
35
32
28
31
29
37
29
35
29
29
36
32
27
19
31
22
37
37
21
28
31
35
17
30
30
21
27
32
30
32
23
24
32
36
38
29
31
25
28
22
27
29
30
30
31
23
27
33
32
34
29
35
25
31
31
22
34
35
33
30
25
32
28
22
31
36
30
24
24
28
39
26
27
29
34
27
34
25
28
29
35
26
34
31
35
36
33
32
34
38
24
34
37
41
27
19
30
25
36
27
30
22
28
20
26
33
28
33
30
29
26
34
31
24
23
27
19
35
29
34
38
28
27
27
39
26
41
30
31
29
33
23
24
22
30
38
23
30
35
37
28
30
33
27
21
29
35
31
39
30
31
38
34
33
31
27
29
28
30
23
25
32
24
29
35
29
26
40
21
25
36
29
29
31
24
40
29
25
31
36
24
39
34
33
27
31
32
32
26
23
25
41
38
39
32
20
40
34
37
34
28
26
38
36
27
27
22
27
34
26
39
39
28
30
35
28
23
33
32
31
32
32
31
32
26
26
37
35
21
39
26
27
28
37
33
29
24
23
34
21
29
19
23
32
27
32
24
24
28
29
27
24
26
40
22
37
38
38
35
28
37
36
34
34
30
44
38
30
25
33
27
34
30
22
24
28
35
35
35
35
39
31
33
31
33
29
23
35
28
33
37
24
27
17
29
35
34
33
34
33
26
30
29
32
25
31
35
30
26
26
32
25
34
33
22
32
41
25
24
24
29
25
28
24
31
31
32
30
28
38
29
33
29
26
21
33
25
36
38
36
30
29
29
27
41
32
42
39
17
30
31
38
37
28
33
30
26
29
29
34
23
30
31
37
25
32
29
26
27
27
32
35
30
26
30
39
33
21
35
32
38
28
25
41
24
30
25
26
39
32
19
31
24
27
34
28
32
33
24
34
39
23
38
31
28
26
26
33
28
24
29
33
29
20
27
32
31
34
31
36
33
31
37
31
23
38
27
33
29
25
24
44
32
31
26
27
32
29
29
30
42
26
28
31
24
29
28
34
21
36
37
30
37
24
24
29
27
31
22
37
34
30
34
42
29
25
32
31
32
30
32
25
30
30
40
29
33
21
27
35
30
39
29
37
38
33
39
31
30
27
33
28
38
28
26
31
21
33
33
27
32
36
37
23
29
30
25
32
21
24
26
29
30
28
39
26
32
38
34
30
35
28
31
37
25
31
28
30
25
26
31
30
34
24
27
29
29
30
19
32
22
19
31
28
37
33
27
25
26
37
36
32
32
28
34
27
30
25
20
16
31
27
30
31
17
26
39
37
35
23
38
23
31
28
26
28
33
23
33
26
31
28
31
31
27
25
30
36
40
28
35
31
38
34
24
33
26
28
36
18
25
24
25
28
23
32
33
37
24
21
32
31
32
37
29
21
24
28
21
31
30
29
37
29
35
21
38
27
30
36
36
38
31
27
30
33
37
26
28
30
34
31
39
28
28
23
26
31
32
34
26
34
36
28
26
37
32
31
31
32
31
25
32
34
33
26
37
16
25
26
39
31
31
34
16
30
41
26
24
