34
37
40
31
21
33
29
37
32
32
32
33
32
32
28
26
29
39
33
35
21
33
35
32
29
26
22
37
32
30
31
26
31
35
29
29
29
38
27
29
36
33
24
26
32
32
26
27
37
29
31
33
26
31
25
24
21
27
28
44
32
25
20
30
34
29
31
36
38
20
29
23
33
24
38
28
32
18
23
18
27
35
19
38
29
33
33
25
35
27
24
33
26
40
28
38
35
24
29
38
44
28
31
34
36
31
35
28
35
38
35
22
24
26
21
31
33
34
25
35
32
34
35
30
33
35
35
26
38
23
23
40
28
35
26
32
29
33
37
39
33
26
31
31
33
34
40
31
28
31
33
27
37
38
26
37
31
32
29
36
35
45
33
37
34
28
32
26
34
28
28
31
35
27
35
38
30
30
26
33
37
26
39
28
28
39
28
33
27
31
25
27
30
25
27
32
23
28
29
35
40
30
31
26
23
37
32
38
30
38
27
23
30
30
35
32
33
34
28
31
30
31
29
30
38
44
23
30
32
29
21
27
30
30
34
26
32
33
35
29
29
39
28
28
22
32
31
26
37
30
37
27
27
37
34
33
37
36
29
34
29
28
30
30
39
24
19
23
36
33
25
31
23
39
22
27
30
30
33
28
34
28
38
30
29
28
23
33
26
34
29
29
43
35
30
33
35
35
36
43
33
22
23
33
34
36
29
20
42
27
35
24
31
31
26
25
29
27
29
31
19
26
25
31
32
27
31
27
34
30
31
27
24
28
32
31
22
25
41
23
23
30
29
30
31
40
34
24
26
27
26
19
24
20
36
24
26
29
40
27
36
21
36
24
24
34
33
25
28
31
31
33
33
35
24
30
34
32
28
36
31
29
23
31
30
19
32
28
32
38
34
40
32
30
23
27
25
24
36
30
31
32
36
30
23
31
28
32
31
29
33
35
34
23
30
27
25
31
34
23
38
25
34
26
29
36
35
37
28
22
22
35
21
25
35
32
30
25
32
32
29
29
40
20
25
30
18
24
21
40
23
38
32
23
30
33
21
29
30
24
30
29
25
17
32
27
36
33
29
34
31
27
26
31
27
29
26
30
28
34
26
24
27
34
30
29
32
39
36
35
37
30
38
34
34
26
30
24
33
28
25
28
34
28
30
35
25
21
32
26
35
32
32
31
38
22
36
36
33
25
36
31
29
28
24
28
33
30
32
24
28
21
31
26
26
24
29
26
24
25
32
34
32
28
35
26
24
22
28
24
18
34
32
36
31
26
30
26
33
26
31
34
34
31
38
28
28
31
22
29
39
33
31
34
33
32
34
33
28
35
39
30
38
21
35
32
31
27
30
28
34
35
22
30
43
31
35
25
36
20
28
29
26
32
21
34
25
32
28
33
43
30
25
30
28
29
35
22
41
28
26
28
23
38
37
31
40
33
37
25
37
27
28
25
28
26
32
31
31
31
30
30
41
19
34
36
35
27
34
32
21
33
33
27
28
35
29
38
41
39
35
29
24
28
26
36
24
31
26
27
30
28
31
22
30
27
28
25
26
25
23
35
28
32
28
24
27
41
25
23
25
33
24
33
28
35
37
28
42
23
29
29
30
27
33
30
31
28
27
33
20
40
27
27
35
32
31
32
40
38
24
35
29
31
27
25
35
24
34
34
34
31
32
35
44
34
25
38
33
34
27
33
36
25
26
30
28
29
28
18
34
21
32
36
27
34
28
38
30
34
33
29
35
28
33
32
32
32
26
26
28
18
32
27
35
44
21
33
34
32
31
20
25
28
30
33
25
33
32
36
28
32
34
27
37
36
28
32
29
32
24
25
31
26
29
22
30
25
23
35
23
26
27
40
23
32
29
33
26
31
29
26
25
34
31
27
27
28
30
27
39
28
34
22
18
35
28
32
31
31
29
29
31
34
32
24
36
28
36
29
36
28
26
35
27
22
32
29
21
24
36
21
29
36
24
29
34
36
29
28
35
25
29
30
33
32
32
30
36
32
33
25
27
27
33
43
31
32
34
29
28
32
40
25
35
24
31
27
20
34
26
22
27
26
30
32
32
33
32
25
18
35
34
31
27
30
37
31
33
30
35
36
18
25
27
24
30
29
25
25
34
28
32
27
37
33
36
31
35
39
21
32
32
20
27
25
25
37
28
32
31
39
24
30
32
41
26
34
20
34
34
33
29
34
33
27
39
33
37
37
28
27
30
26
26
32
37
33
29
21
29
28
35
18
26
38
37
22
26
23
28
38
29
27
26
23
26
32
30
26
33
