27
28
27
29
31
35
36
26
33
33
32
22
33
27
20
36
25
28
40
36
28
28
24
30
31
26
30
28
23
24
32
33
33
29
26
37
36
33
33
30
34
30
32
29
28
25
30
32
27
34
35
33
32
30
28
35
32
30
35
29
29
27
31
30
26
24
31
28
45
28
29
31
40
39
31
36
36
29
30
23
35
33
26
28
37
25
21
33
29
23
31
28
31
33
29
25
29
29
28
31
24
36
31
18
28
35
33
30
35
28
20
32
19
24
24
37
27
33
31
24
21
25
36
30
34
23
27
31
24
25
30
30
26
37
30
30
41
28
36
33
24
25
36
36
26
42
36
32
35
24
38
35
25
27
37
35
23
34
36
35
28
25
29
30
27
31
36
29
37
29
37
26
23
32
30
27
35
29
39
34
36
38
36
22
37
25
32
30
27
22
19
28
31
34
36
32
41
25
30
31
26
28
20
29
23
28
31
25
30
21
28
30
28
29
36
32
32
32
29
24
26
37
23
30
24
26
30
30
26
32
30
36
28
25
30
29
39
42
30
29
41
26
37
39
39
30
31
24
37
30
28
29
30
34
28
40
29
27
34
20
20
36
38
31
41
19
31
31
33
32
25
39
24
26
33
33
34
31
21
16
25
43
24
25
25
33
31
28
23
28
31
22
30
27
37
33
40
32
32
34
30
36
34
35
31
25
31
32
26
42
37
27
28
29
40
31
30
42
42
31
35
21
27
31
37
22
33
28
31
28
27
26
36
30
34
26
28
40
27
29
37
30
28
29
24
29
30
31
29
27
25
31
35
36
29
32
44
32
29
29
33
33
24
33
33
30
27
28
37
23
29
25
35
32
26
30
37
34
35
33
32
35
37
35
33
31
28
36
27
28
29
24
37
28
33
26
30
37
26
24
20
30
28
26
35
31
33
20
26
19
33
27
32
26
33
34
27
26
36
34
31
31
34
29
34
31
25
31
31
31
29
29
26
32
28
29
31
22
27
36
37
30
26
33
34
21
25
30
29
26
30
39
38
42
34
28
25
29
29
28
13
25
28
28
31
30
35
30
28
35
38
23
25
38
40
29
28
32
34
35
28
32
29
38
29
28
26
23
16
38
30
30
31
29
33
32
27
28
21
31
30
19
30
47
28
29
36
28
27
33
23
41
29
26
37
17
36
44
21
32
30
25
29
34
29
17
25
29
32
26
33
32
24
27
22
26
34
27
30
31
23
37
22
33
42
21
25
22
32
30
31
37
26
24
37
36
39
25
30
28
41
32
30
31
28
35
31
33
27
26
37
33
35
29
31
24
29
24
33
25
35
38
28
29
31
29
27
27
25
24
29
33
37
24
32
36
27
27
33
32
36
26
34
38
32
34
21
30
31
18
36
28
35
29
29
33
26
31
35
32
32
29
30
32
36
32
37
29
32
19
22
21
29
29
24
36
28
33
30
26
24
32
25
35
32
21
23
33
39
29
26
24
39
30
25
28
32
29
34
35
27
28
30
35
23
26
38
32
28
40
30
28
29
34
32
32
30
36
31
30
29
36
32
29
30
34
30
22
33
32
31
23
30
32
35
31
26
32
27
32
29
28
29
28
36
26
32
27
34
30
26
31
39
28
26
30
30
38
25
28
31
34
33
22
16
34
38
28
31
36
29
39
25
21
16
33
33
33
39
37
24
28
28
31
26
24
29
34
32
37
35
22
27
20
25
33
29
27
40
33
32
36
25
26
30
30
30
23
25
35
23
28
30
33
30
27
36
25
29
30
29
26
28
27
38
33
27
32
24
38
30
31
32
25
28
33
27
19
29
32
31
37
30
18
33
31
40
29
32
29
25
22
25
22
30
29
34
32
26
28
37
22
33
29
27
29
26
26
33
36
33
31
33
22
29
26
30
39
27
37
22
28
35
34
27
25
29
27
30
41
29
27
28
26
37
29
31
28
25
34
35
21
28
32
30
26
38
36
28
27
21
31
30
32
26
33
34
30
33
34
28
20
30
34
35
31
28
32
40
31
38
29
26
34
22
33
32
37
32
24
31
31
29
28
34
27
25
29
28
36
33
24
33
25
26
23
34
32
29
24
29
29
35
34
32
34
26
35
31
22
30
33
27
31
27
30
30
31
24
24
39
33
31
23
33
40
30
26
31
32
33
23
29
30
13
29
23
25
33
24
36
18
23
25
36
25
33
33
30
38
36
25
25
31
27
33
31
34
28
34
21
29
36
28
29
30
25
29
23
33
33
31
32
36
32
36
31
27
32
19
24
