30
28
31
35
28
34
27
36
26
27
28
34
27
32
29
34
32
22
37
26
29
27
36
23
23
39
27
31
26
32
23
34
31
37
32
27
25
34
33
34
33
25
37
26
33
35
29
33
34
36
34
30
32
33
33
27
25
28
35
24
26
29
21
36
31
32
35
29
30
29
26
35
36
26
30
26
33
33
24
30
33
34
24
27
38
35
33
30
35
29
34
28
24
35
35
35
35
28
33
32
28
41
27
31
33
32
31
37
31
28
27
28
25
40
36
37
26
38
33
36
31
31
29
20
36
28
33
27
40
38
40
34
30
27
28
32
20
38
25
32
27
37
28
30
31
39
34
29
25
22
35
25
27
32
24
32
27
35
29
38
30
29
24
33
29
36
40
29
39
33
24
31
30
32
21
33
23
25
24
30
36
32
29
34
36
28
32
29
31
25
29
31
28
39
33
30
33
27
30
24
29
29
38
31
29
33
45
37
34
31
28
15
29
31
23
27
24
28
22
32
23
27
27
26
29
31
27
34
28
33
33
28
28
30
26
31
35
26
30
40
36
30
20
26
37
37
38
27
28
29
27
36
25
30
29
28
26
32
24
22
29
28
25
34
31
32
24
28
23
40
31
25
38
29
32
38
27
30
29
34
27
27
28
27
39
34
36
26
24
38
22
29
28
29
24
26
37
27
24
40
36
32
36
19
28
32
39
30
37
27
40
22
32
29
44
31
33
25
31
38
32
35
28
33
29
23
32
28
38
27
33
33
32
31
29
31
29
34
23
28
32
34
28
35
29
30
26
30
35
34
29
40
29
37
28
32
24
29
31
41
22
24
25
30
23
26
34
22
25
35
30
38
31
37
26
30
27
31
42
32
36
32
42
31
32
24
35
19
45
23
24
36
36
30
30
38
26
32
26
31
32
26
30
30
24
30
31
39
38
32
25
35
24
31
24
35
26
32
32
25
24
32
33
33
35
31
35
28
24
38
28
34
34
31
29
32
28
23
28
36
36
31
31
31
23
37
24
27
23
37
34
29
17
45
35
22
29
34
35
31
32
33
17
31
25
34
35
36
27
27
34
30
35
29
32
27
30
33
35
38
32
20
23
33
28
33
18
43
26
24
39
29
37
38
22
28
27
33
27
23
38
32
33
30
34
30
35
29
35
39
30
22
30
31
32
22
33
25
31
24
38
29
29
34
32
33
30
29
27
31
36
25
28
36
30
45
26
30
34
40
32
37
29
32
42
27
29
26
29
28
28
33
30
24
35
27
30
30
37
21
36
30
35
31
21
28
29
36
38
22
32
31
31
18
31
30
23
27
29
27
21
21
36
34
31
32
33
33
36
24
30
30
24
34
33
32
31
37
29
42
31
39
29
27
27
29
20
30
25
27
32
32
34
30
26
27
24
27
27
21
33
21
30
35
22
32
32
34
30
36
26
27
23
34
35
27
33
28
29
34
34
24
31
28
28
33
23
31
26
30
32
32
31
30
35
29
22
30
31
36
31
25
34
27
35
26
32
33
31
29
28
28
25
29
36
34
32
34
32
27
29
28
26
33
19
35
34
34
32
26
22
28
24
37
26
36
27
26
27
36
39
26
33
26
29
37
32
28
33
27
30
29
25
33
33
37
33
32
28
29
34
31
33
20
24
28
31
30
41
30
35
30
28
27
33
33
18
40
27
33
40
17
41
21
26
28
32
20
31
30
30
28
25
27
28
32
23
32
39
25
32
30
34
25
28
31
17
33
28
29
39
35
25
28
33
31
33
33
27
22
27
33
24
36
27
25
35
22
23
37
39
26
34
38
36
29
28
28
22
25
32
33
40
29
17
30
22
31
23
30
29
28
36
27
25
30
31
21
21
24
33
35
33
34
17
39
39
17
39
37
32
26
34
28
24
35
26
24
19
32
25
31
30
27
36
33
40
34
32
35
37
29
29
38
32
25
32
31
30
35
38
19
36
37
19
31
28
23
41
37
35
28
38
24
25
31
29
26
22
32
30
30
40
41
28
33
29
37
29
28
27
31
33
25
34
18
43
30
36
36
30
35
25
28
26
27
29
34
36
31
23
37
32
29
28
35
32
23
29
29
28
41
35
29
32
32
38
39
22
19
30
32
21
25
31
26
28
34
39
26
33
34
43
27
29
35
30
33
20
34
25
26
26
27
25
34
33
36
40
24
28
29
29
25
36
35
38
35
32
27
37
34
32
35
30
38
39
26
32
32
31
28
28
35
25
33
29
27
23
30
36
32
27
30
27
29
33
30
23
23
40
