26
38
33
35
19
43
38
30
20
33
31
37
24
27
19
27
37
28
25
22
36
26
33
36
35
37
27
25
25
28
37
36
29
25
29
27
30
28
33
36
23
30
31
31
25
16
33
32
34
36
31
29
28
33
35
27
29
32
31
28
39
32
28
24
32
33
30
34
22
30
25
27
35
30
40
25
26
27
31
24
36
33
32
22
37
37
23
32
33
31
40
25
33
28
30
21
24
29
27
29
34
23
26
34
31
35
29
27
22
37
27
34
27
27
32
30
33
30
30
32
31
30
25
32
29
31
28
32
36
26
34
31
42
24
23
37
25
35
30
34
30
33
25
34
34
33
29
38
38
29
34
27
31
19
27
30
24
41
30
28
30
28
23
28
34
22
25
23
28
32
33
37
28
32
34
25
21
28
31
26
29
30
36
40
29
31
21
34
37
23
31
19
22
24
36
29
22
32
26
35
18
30
22
26
29
29
32
41
23
35
24
28
31
35
33
23
28
28
30
38
35
29
21
23
29
32
22
24
31
29
33
31
31
34
20
36
30
20
35
35
32
28
36
28
25
29
23
32
28
28
24
39
31
27
25
33
25
24
37
33
25
33
33
29
23
22
36
30
23
31
37
29
22
34
25
21
35
35
35
31
31
34
32
28
24
28
30
34
33
39
26
28
25
26
30
23
44
30
27
32
31
32
29
25
32
27
30
26
36
32
25
28
28
24
37
33
31
32
26
34
35
27
26
31
31
25
27
17
30
30
31
38
30
35
29
28
34
31
27
27
29
24
30
27
43
24
25
36
35
29
40
24
20
39
34
37
34
28
27
27
37
30
32
37
29
32
31
40
33
36
28
25
31
47
32
29
34
27
31
19
29
41
27
42
31
34
27
25
19
29
34
21
27
26
27
22
33
34
31
36
38
33
30
30
37
26
37
22
34
25
38
31
31
31
26
43
28
21
36
37
35
37
36
25
33
26
31
27
31
24
35
24
31
31
33
32
36
30
30
35
31
34
26
31
28
30
31
33
29
29
25
41
29
38
30
32
28
31
26
25
37
29
28
23
24
32
29
31
34
25
32
32
27
29
31
25
24
29
39
39
24
37
31
29
23
39
19
36
26
25
36
28
30
28
31
26
30
35
39
34
32
32
30
27
27
31
32
34
26
26
17
29
31
30
34
29
18
30
29
37
28
34
31
36
35
30
28
26
23
23
24
29
29
32
27
23
27
32
29
34
27
34
36
27
27
24
31
31
20
24
27
31
37
31
31
29
30
33
35
35
23
26
30
32
27
30
26
27
34
28
25
31
28
34
32
27
34
27
27
27
31
31
22
32
28
39
24
25
28
33
39
27
27
35
22
26
19
25
27
26
25
26
23
28
24
29
39
39
26
32
31
45
41
30
35
27
31
35
32
22
37
24
26
34
27
42
35
32
19
30
28
41
35
29
31
31
11
32
22
29
27
32
21
29
30
26
32
17
24
28
21
31
39
43
26
29
32
17
21
20
33
29
32
34
27
31
30
23
30
28
22
26
38
29
37
30
36
31
30
26
27
42
31
34
29
27
33
33
35
33
39
26
31
26
26
33
31
37
27
38
18
35
35
36
25
33
39
25
32
34
28
25
32
23
30
27
30
26
18
35
32
26
23
40
20
30
26
28
25
27
29
27
24
32
27
27
36
25
32
24
33
26
24
31
27
36
30
30
31
38
27
29
27
23
30
29
25
29
33
26
31
37
30
34
32
24
37
32
37
27
28
23
24
25
17
30
29
28
35
27
39
29
22
30
30
39
29
37
31
32
33
34
35
30
28
24
33
33
26
36
28
24
42
24
31
38
34
27
29
34
31
18
26
34
34
31
33
30
33
32
26
33
27
26
29
32
28
25
24
27
23
27
35
31
38
38
42
19
19
32
37
20
33
25
19
26
28
32
28
35
35
30
26
28
29
27
27
35
31
22
35
27
29
39
31
33
20
20
34
36
30
26
26
31
31
25
26
33
37
22
19
29
33
37
27
30
22
27
28
24
35
28
27
26
35
26
34
29
33
28
32
20
35
35
38
29
29
22
32
29
28
34
27
37
35
32
32
27
31
35
27
19
35
29
32
33
26
27
15
31
24
31
24
33
27
21
32
35
28
30
44
36
27
28
31
38
39
33
30
40
35
30
33
29
22
35
31
29
23
35
27
28
34
27
26
24
21
34
29
21
25
36
20
20
33
35
32
22
24
34
24
27
35
20
19
28
22
34
25
35
24
29
35
34
30
32
28
33
36
27
26
