26
25
22
32
33
38
32
31
30
30
34
28
23
34
32
38
34
25
23
29
32
21
30
36
26
32
32
27
21
40
30
28
38
28
26
22
27
30
28
27
29
40
31
39
34
29
40
31
28
30
31
26
28
32
25
26
33
33
26
33
28
35
33
43
38
29
31
35
27
28
38
30
32
36
29
29
36
27
33
36
31
40
26
33
40
35
35
34
29
31
27
42
29
29
29
32
40
29
33
40
38
28
37
35
37
30
32
26
26
35
29
34
21
22
33
27
33
30
25
17
33
29
34
30
24
35
26
30
22
25
35
29
31
34
29
41
23
28
29
33
38
29
27
29
22
31
33
26
33
24
29
32
23
17
21
29
23
24
37
28
27
29
34
34
33
31
24
38
16
28
22
37
25
24
34
34
33
24
30
28
31
31
26
23
31
29
31
27
25
32
35
25
29
27
32
34
33
40
29
26
26
28
32
31
25
29
30
34
39
33
40
27
27
32
28
30
32
33
29
36
24
31
29
33
14
26
34
31
30
35
32
34
24
22
30
30
30
39
25
31
28
23
32
33
33
31
27
33
39
36
46
31
32
27
31
27
31
23
34
30
29
42
32
26
34
32
28
34
37
20
35
22
33
28
26
21
25
27
30
30
30
27
34
24
28
30
24
37
28
26
41
30
29
25
31
38
21
36
22
37
33
35
32
25
28
30
28
24
28
39
35
22
27
28
31
31
33
25
33
41
32
27
32
32
32
42
29
27
33
27
33
31
27
29
28
37
31
32
28
29
27
22
29
23
32
28
32
28
35
29
26
31
42
26
38
32
25
31
28
29
26
30
35
19
23
39
37
27
36
30
30
32
42
31
35
32
27
28
29
29
28
34
32
22
30
25
37
28
21
38
26
28
32
42
32
25
22
28
32
35
39
30
30
31
25
35
31
25
34
28
34
27
25
32
14
30
20
33
32
31
32
28
31
31
29
27
33
19
25
28
32
27
39
30
35
30
31
26
28
32
29
33
21
32
23
32
31
34
29
26
32
29
25
27
40
32
38
26
25
40
31
34
37
34
37
41
25
27
32
32
33
23
32
28
28
33
32
31
24
35
23
27
29
33
37
30
28
39
23
36
35
36
37
35
36
23
27
40
27
29
29
30
29
32
28
19
29
37
37
33
33
35
29
36
31
24
39
25
34
32
29
27
29
39
27
34
27
29
22
22
36
26
33
33
38
31
18
29
39
32
34
31
31
32
37
21
33
30
25
24
36
30
33
33
35
34
30
37
29
34
31
32
28
42
37
34
41
29
24
29
34
34
33
27
26
34
31
36
28
30
30
34
30
35
25
34
32
29
34
32
37
31
23
30
26
29
31
37
29
42
31
36
37
31
30
37
33
24
34
36
28
34
32
22
25
30
33
33
31
25
24
32
26
30
27
30
32
31
31
32
26
26
26
28
31
34
30
32
29
26
32
25
34
39
37
23
32
27
30
34
30
35
23
34
24
31
30
29
33
30
34
31
30
31
30
25
24
35
29
25
31
31
25
23
25
36
32
31
35
29
30
27
26
34
32
23
32
35
27
27
31
22
35
31
29
36
28
27
33
29
23
41
31
21
34
30
32
31
31
37
33
29
32
32
35
33
33
36
34
28
26
28
37
34
27
23
37
37
25
28
32
36
28
25
37
29
26
35
23
31
27
24
30
35
33
42
25
18
28
25
30
29
29
29
29
30
36
27
38
32
33
25
23
35
35
36
35
27
30
27
36
17
31
28
33
29
37
31
37
23
23
28
37
20
21
29
25
34
37
21
23
28
29
23
33
27
31
20
26
24
33
30
27
27
41
29
28
29
30
25
33
36
26
35
32
23
32
37
27
40
37
36
28
36
31
34
34
34
26
30
23
36
39
36
21
23
34
30
27
32
39
23
31
33
31
24
29
30
27
30
22
34
27
27
32
34
30
35
29
33
37
19
29
26
33
16
34
27
28
28
35
34
33
30
32
31
32
35
33
28
24
43
29
38
28
24
30
32
28
30
30
37
20
33
28
33
40
28
34
37
32
31
26
31
34
36
21
33
17
30
26
32
36
41
27
23
24
32
28
29
33
36
25
35
33
27
32
29
34
28
39
30
35
38
35
27
21
23
27
30
36
35
35
28
23
38
24
25
29
23
27
31
31
29
28
30
30
29
32
37
36
33
34
30
24
36
24
33
28
29
26
28
25
33
32
21
25
26
26
31
38
30
31
33
31
25
35
27
28
20
29
29
32
24
32
31
27
20
24
30
30
