27
37
29
20
36
36
30
26
25
32
29
22
31
34
27
30
26
30
32
28
34
32
35
33
31
32
31
25
31
26
29
38
38
21
28
25
27
25
27
27
32
32
26
28
33
37
24
30
27
30
34
29
35
30
23
32
25
26
36
28
38
27
23
22
26
35
22
30
30
29
31
34
29
39
26
34
31
37
31
35
25
31
27
20
31
30
27
21
28
28
22
30
32
35
34
37
36
26
31
29
28
33
28
34
27
30
25
31
27
25
28
31
35
35
20
32
30
25
29
26
19
30
35
33
44
36
31
33
30
36
38
29
28
25
28
20
25
25
31
31
30
24
39
28
32
16
28
39
23
21
31
30
31
32
23
27
45
27
24
30
28
23
31
31
27
25
22
28
19
40
25
30
27
31
33
32
31
28
31
25
31
33
29
34
37
27
22
26
36
31
38
17
29
29
27
28
34
36
33
37
27
36
39
35
32
26
27
33
36
27
38
33
27
25
26
29
34
19
31
30
30
29
39
35
29
28
30
36
30
40
34
45
33
36
41
33
38
27
30
27
30
18
33
30
28
33
34
24
32
19
18
24
35
31
27
31
31
36
25
34
36
21
27
26
30
29
31
25
24
26
32
28
25
26
31
32
37
34
33
37
25
35
33
22
25
31
22
27
29
23
26
25
37
32
34
27
26
33
31
26
38
20
31
29
28
28
34
26
33
34
31
25
28
29
30
30
32
27
30
24
28
28
26
37
31
30
24
27
33
30
24
25
34
33
36
25
27
28
24
27
31
31
34
34
23
27
36
34
33
30
28
31
26
28
33
31
25
30
34
37
25
22
31
32
26
25
30
31
26
24
21
25
29
19
34
24
34
29
29
28
27
20
29
39
37
31
31
33
30
34
28
27
33
31
29
32
23
30
30
35
30
26
26
34
39
37
29
33
27
31
34
38
25
38
32
34
35
42
34
35
32
26
33
27
24
22
30
33
23
35
44
33
27
32
33
21
29
38
26
20
26
26
38
27
31
27
30
33
31
31
30
34
34
32
31
31
35
20
25
29
31
29
22
21
27
32
30
40
32
41
24
29
30
30
33
29
25
20
27
31
34
36
35
27
28
32
23
22
34
29
29
23
32
27
34
31
28
26
26
28
39
31
38
32
33
29
21
28
37
41
34
36
30
33
37
32
30
39
32
28
33
31
26
26
29
26
21
25
37
34
29
23
21
34
25
24
32
33
27
29
25
34
35
16
34
36
33
26
32
35
31
31
41
23
22
33
24
35
20
29
27
39
36
33
29
36
27
28
26
23
34
27
36
35
28
29
30
39
29
24
34
28
22
34
25
25
28
24
32
30
32
35
28
30
29
36
31
24
31
24
34
27
35
29
28
34
45
26
32
28
29
24
25
28
26
28
28
28
26
25
45
31
32
27
40
34
28
27
31
17
30
31
35
31
34
34
26
33
36
34
29
34
26
29
31
29
31
32
34
28
34
26
26
36
26
27
34
28
28
29
37
26
32
35
29
34
35
34
27
30
34
37
23
19
26
31
29
33
34
22
29
21
26
34
36
28
17
33
29
32
27
36
22
29
31
37
30
27
32
31
19
34
18
31
36
25
35
35
27
35
28
29
43
31
27
30
30
42
22
31
30
37
23
34
25
27
23
32
33
30
21
28
32
37
27
30
31
29
39
28
30
27
28
40
28
28
33
24
26
41
30
20
26
34
24
22
30
27
28
29
36
42
33
33
26
38
35
27
27
26
26
41
30
31
32
34
30
37
38
25
23
25
26
33
34
31
33
15
34
39
34
27
34
37
29
26
31
33
31
34
24
35
35
36
33
33
34
38
33
28
27
26
20
38
30
32
37
24
28
27
26
31
36
25
33
25
24
26
29
31
34
27
24
31
29
35
28
19
42
24
33
33
34
26
23
30
23
33
16
35
28
34
25
36
35
26
36
29
29
27
32
27
31
24
28
29
31
32
27
27
26
30
30
31
35
24
28
25
30
30
29
35
25
29
27
21
33
29
23
28
24
33
36
25
27
31
28
23
32
24
24
30
37
28
30
26
35
26
29
29
34
37
40
32
39
39
34
32
21
27
31
29
33
37
26
27
31
39
29
25
27
24
34
35
24
41
31
32
30
34
26
35
29
31
33
35
34
24
23
20
24
31
28
24
30
28
39
32
25
33
29
36
24
28
33
32
36
28
31
28
27
27
40
27
30
34
36
20
26
36
26
26
33
33
32
32
29
28
31
26
33
28
25
30
29
34
30
34
31
29
26
