22
29
32
33
35
25
33
32
27
43
36
41
31
26
30
27
25
23
30
30
29
28
36
21
30
26
36
28
29
33
31
33
19
28
36
23
28
26
37
30
28
29
34
27
27
27
12
30
31
25
32
35
33
29
29
29
36
27
30
36
31
31
31
35
21
27
35
39
37
33
25
25
30
31
37
20
36
20
32
28
37
31
30
33
31
30
35
33
29
26
31
31
28
35
31
36
35
33
29
26
30
27
25
33
33
33
35
29
28
32
31
32
31
34
37
24
28
26
32
30
32
29
26
31
25
33
17
34
25
33
38
39
29
45
18
33
36
27
33
24
29
33
29
22
25
35
28
34
23
30
35
39
27
28
27
25
26
31
30
21
24
38
28
30
21
16
39
31
32
34
26
25
25
29
22
37
29
22
26
36
29
28
29
29
36
33
34
25
34
31
31
30
25
31
22
36
34
35
30
21
31
28
34
25
32
32
33
37
30
35
28
29
31
26
39
29
26
32
19
31
18
27
20
31
26
29
27
27
25
31
21
31
33
36
26
31
27
26
25
42
36
20
29
31
28
31
26
32
34
38
29
29
28
31
33
29
29
33
24
28
27
28
21
31
29
24
30
24
23
34
25
25
30
37
35
32
21
31
27
29
39
32
34
41
23
27
28
21
34
27
23
24
25
29
29
31
26
33
35
17
38
32
34
38
38
22
32
23
30
36
29
31
29
34
39
38
37
26
36
29
34
25
34
33
31
24
33
36
34
38
29
27
25
29
32
30
29
36
25
37
31
37
39
29
24
25
31
27
31
28
27
27
16
36
36
31
26
27
16
37
38
24
32
35
31
28
30
30
32
24
29
31
32
32
32
27
27
38
27
23
29
38
27
32
32
34
34
28
27
34
31
31
32
23
24
23
32
31
29
29
36
35
32
28
28
27
19
27
21
29
37
23
26
31
40
31
28
36
34
28
31
32
30
33
28
40
32
33
35
32
35
37
29
29
30
29
23
29
28
39
38
24
27
36
28
33
35
25
24
30
29
24
20
36
35
28
33
40
35
31
27
45
29
25
25
38
25
26
36
26
28
26
27
29
31
37
37
40
32
24
33
31
38
25
35
42
27
35
25
29
27
30
34
24
30
31
31
36
19
23
20
27
30
29
30
22
27
36
29
31
28
31
25
35
37
26
30
17
22
32
30
36
21
34
34
31
31
32
43
36
18
28
34
25
36
30
35
24
31
29
32
33
38
30
28
34
25
33
29
36
29
32
39
29
21
22
32
37
25
20
28
21
25
34
38
29
29
33
22
33
35
37
12
39
24
33
24
33
29
31
24
26
26
26
17
28
30
33
32
36
29
29
21
28
29
27
11
42
34
28
22
30
34
25
36
30
26
27
31
29
38
42
29
23
26
29
33
33
26
26
32
19
26
33
24
33
26
23
26
36
30
34
29
32
32
20
20
29
31
26
28
31
30
27
26
27
21
29
22
36
34
25
29
38
33
29
36
29
36
39
24
24
31
27
29
34
38
34
28
34
33
28
25
19
25
23
39
27
38
31
34
33
25
31
29
28
30
31
25
32
26
27
32
18
32
35
25
26
27
29
26
40
41
34
37
29
29
34
30
29
34
37
25
25
25
39
31
27
33
25
30
35
23
24
29
33
23
30
39
33
34
38
27
37
23
32
22
31
36
27
39
30
22
27
41
29
38
30
30
23
23
30
28
22
27
31
24
30
30
30
28
27
33
26
28
26
24
35
21
33
37
30
26
25
35
25
31
33
30
23
25
27
24
20
33
32
20
28
32
28
32
33
30
28
29
31
33
27
29
30
29
22
27
32
26
28
31
32
28
26
22
32
28
37
35
25
25
29
42
32
31
33
38
27
37
32
37
32
30
25
29
26
28
27
27
25
20
28
25
29
32
35
31
35
32
19
35
22
36
28
27
21
29
29
20
29
28
21
18
28
24
28
28
34
32
35
27
25
28
27
34
31
28
33
34
31
37
31
35
20
25
30
27
22
35
28
33
33
29
25
43
20
30
26
33
28
32
35
29
30
25
38
24
26
35
31
34
26
31
30
34
30
29
34
31
37
26
36
31
21
26
38
27
38
28
31
28
24
34
20
34
24
31
26
29
30
38
29
32
28
31
25
31
28
28
29
40
39
19
29
27
38
27
33
29
33
32
38
32
29
30
29
29
18
22
38
29
26
28
24
23
43
30
32
38
29
33
40
30
29
31
20
29
27
35
35
38
26
26
28
29
34
36
29
34
30
32
29
31
22
27
