28
32
32
23
34
38
26
17
26
37
26
33
24
26
33
28
36
24
34
31
27
34
26
41
23
27
23
17
29
27
35
29
27
32
37
29
24
30
40
38
29
28
19
18
34
30
35
37
33
29
40
31
35
32
29
37
24
28
43
31
32
42
29
34
38
27
31
19
29
22
29
34
22
26
22
28
30
35
33
31
26
30
36
30
20
34
25
26
30
33
27
25
23
28
34
33
32
39
27
22
35
38
27
27
36
28
24
32
22
17
30
31
36
25
32
36
29
36
20
23
35
32
31
29
32
33
35
26
31
30
23
25
28
34
31
36
26
31
29
27
29
32
39
40
32
34
34
24
32
26
27
33
34
38
36
28
24
29
41
26
29
28
29
38
27
36
35
39
32
26
28
32
28
21
30
27
31
30
27
34
28
38
25
19
35
28
26
28
27
20
29
32
24
36
31
32
24
24
27
33
32
27
28
30
31
26
25
29
28
33
33
26
38
24
30
29
33
39
35
24
27
26
32
38
38
22
37
18
28
34
29
33
29
27
36
33
35
19
28
23
31
33
28
44
35
29
26
29
31
30
31
28
29
33
30
30
21
21
43
27
32
33
28
33
21
33
26
27
33
34
30
32
22
29
25
29
40
25
31
21
27
39
32
31
32
24
28
32
26
35
28
27
29
30
28
25
36
34
36
34
27
41
35
27
29
25
29
36
29
27
18
21
30
38
39
29
37
41
33
32
30
27
36
33
34
28
32
31
39
26
23
36
26
30
31
31
37
30
29
35
31
26
30
35
32
29
38
17
22
26
30
25
30
25
41
41
23
20
31
28
30
35
32
23
26
28
26
31
33
22
24
30
33
29
36
33
32
30
36
28
28
27
36
33
36
30
36
31
33
36
36
34
23
37
20
35
28
27
28
28
36
21
34
29
27
23
41
37
29
22
32
28
36
29
37
29
31
27
30
38
25
32
22
24
23
23
34
32
31
24
34
23
28
33
28
31
31
31
35
26
29
19
30
33
30
32
33
27
35
29
32
29
17
21
30
30
30
37
33
17
32
25
33
28
26
23
33
22
32
24
25
28
22
32
34
30
38
38
29
24
32
34
28
33
34
26
26
33
31
38
29
28
24
26
30
35
32
31
29
27
28
33
26
26
30
32
35
23
30
23
34
32
37
23
33
32
35
29
26
35
21
28
31
29
23
28
38
31
38
44
27
33
34
31
34
29
27
36
24
27
35
26
25
33
31
33
38
34
22
31
22
24
32
26
34
27
26
38
35
33
30
28
34
46
30
24
32
29
28
32
29
27
29
21
33
34
22
38
31
19
38
20
35
29
31
24
24
23
26
37
33
32
28
19
26
31
31
21
36
33
37
28
31
29
28
31
24
30
28
30
28
34
27
32
25
30
32
30
28
20
35
39
29
33
37
32
28
25
27
26
27
32
35
36
30
22
27
24
34
21
26
25
22
29
30
35
25
28
29
29
26
29
24
28
31
31
35
31
30
34
33
24
32
31
30
21
27
31
31
40
27
25
28
34
25
34
31
25
36
21
34
44
27
28
29
30
36
30
27
33
25
24
30
29
25
25
36
26
31
41
27
38
24
22
29
38
29
25
33
27
34
34
14
34
30
37
36
31
27
33
28
32
33
25
26
34
27
36
31
37
28
30
29
33
43
23
30
34
29
29
39
21
28
37
30
27
36
27
25
33
24
29
22
27
28
32
32
36
32
23
20
29
28
26
28
28
26
35
29
31
33
24
26
37
27
34
24
25
34
31
31
33
27
31
32
27
24
29
31
31
29
26
35
26
24
30
27
40
27
23
32
31
29
40
31
27
31
34
29
37
25
22
29
27
34
31
29
30
23
27
28
24
43
22
32
24
30
19
41
32
21
32
33
25
33
29
30
31
25
22
28
37
23
29
32
28
23
23
20
24
35
34
31
26
26
34
30
27
28
34
23
30
37
39
24
31
29
32
33
32
24
24
22
27
30
42
29
32
25
34
25
23
23
35
29
40
30
34
33
30
35
37
30
27
36
35
33
28
40
32
27
27
33
30
46
29
28
28
24
33
35
33
36
31
36
29
30
28
27
33
36
39
33
33
30
31
29
25
28
26
35
30
30
31
23
32
30
27
37
34
34
34
36
30
31
35
29
27
30
32
30
24
37
37
29
31
28
26
27
28
29
31
30
33
21
31
24
28
36
29
28
31
37
32
34
27
27
28
27
31
36
25
31
29
28
35
28
27
29
31
25
30
19
34
28
38
27
29
44
32
29
