37
36
29
28
37
28
32
32
28
34
29
16
30
30
39
28
34
35
34
36
27
37
29
32
31
31
35
29
30
27
31
33
25
32
27
30
32
34
28
31
30
34
42
36
39
26
22
38
30
29
27
33
30
26
36
30
34
30
27
30
31
33
31
25
25
25
35
24
43
20
29
32
31
27
34
26
32
27
24
34
31
22
30
38
32
33
29
30
26
40
30
35
37
23
23
24
30
39
32
33
30
24
32
29
40
20
31
36
32
37
31
32
21
32
28
26
33
20
31
24
32
33
41
35
30
30
21
35
30
26
27
23
24
24
32
31
20
30
30
21
31
23
39
36
27
36
29
36
28
34
30
27
20
39
37
39
25
28
25
22
29
32
31
29
22
26
28
29
36
30
25
25
35
28
32
34
30
24
33
26
22
23
33
33
28
34
31
37
26
30
22
36
39
29
36
30
29
24
23
29
28
33
33
23
24
23
34
29
42
19
28
34
35
32
31
33
29
26
28
29
31
33
26
26
30
28
31
29
31
30
28
35
33
33
32
35
23
31
29
28
37
33
24
33
30
26
30
32
31
27
29
31
35
33
26
34
27
26
34
32
23
32
36
33
34
36
32
37
37
30
31
26
21
33
21
36
30
33
33
22
30
34
31
36
34
29
25
30
29
28
35
25
23
25
33
30
29
31
30
30
36
30
35
27
23
20
26
28
31
32
32
28
41
28
29
38
31
30
27
28
36
31
29
22
29
37
39
39
30
33
33
33
35
24
31
36
35
26
32
30
32
39
23
31
22
35
33
28
28
20
28
29
23
26
38
34
30
31
24
23
31
27
40
38
25
37
27
28
23
37
26
30
28
31
33
33
29
32
33
26
24
22
24
35
36
27
27
24
32
26
28
23
33
42
36
22
26
27
34
31
31
35
38
28
25
36
33
36
28
27
32
33
26
38
28
40
34
31
35
20
29
38
30
28
34
29
26
30
33
33
32
29
28
30
34
34
38
22
42
32
36
21
26
36
23
29
32
37
34
31
28
31
24
20
22
30
29
30
27
24
26
18
31
33
26
24
29
26
29
28
29
28
34
40
34
25
25
32
31
32
30
33
38
33
23
28
25
26
34
31
33
43
27
28
30
30
30
33
18
29
22
29
26
26
34
38
34
26
32
34
35
28
28
35
23
28
33
38
27
34
38
33
19
34
27
30
31
26
34
34
23
33
36
31
28
20
34
30
29
34
34
37
34
35
34
27
33
20
25
32
36
31
34
37
33
36
31
31
28
31
25
35
31
33
27
22
39
31
33
29
28
31
36
33
24
39
32
25
35
26
30
29
40
34
30
32
25
27
20
30
30
38
30
28
36
31
27
21
29
35
42
27
23
32
26
30
34
31
26
28
39
34
17
32
38
29
35
33
27
29
37
37
27
38
37
30
36
34
26
27
34
31
26
39
23
35
24
30
34
29
29
26
23
32
26
21
32
38
24
27
25
24
27
20
31
28
29
29
32
40
33
33
33
33
28
37
32
29
34
32
33
24
22
25
24
27
27
34
26
32
41
33
22
35
21
23
36
27
34
36
30
32
33
36
39
31
28
26
26
31
30
24
37
33
24
26
26
32
26
24
23
38
36
36
22
36
32
27
29
27
27
39
32
33
31
26
23
23
27
27
35
29
34
36
35
35
31
26
37
34
29
27
23
40
36
32
32
30
28
35
28
35
26
33
37
39
38
24
31
35
23
27
29
26
26
26
34
22
28
29
29
33
31
27
36
38
32
26
22
33
26
29
34
33
23
25
37
29
32
23
34
25
29
25
32
34
19
32
34
29
32
30
30
37
22
21
31
29
32
34
29
24
29
31
36
30
29
29
29
28
21
32
34
28
25
34
25
25
28
29
31
25
35
31
32
28
37
26
38
29
34
32
23
29
26
31
37
21
35
24
29
28
29
32
36
36
32
25
40
30
27
28
38
26
29
27
29
27
31
35
46
42
19
33
25
34
33
25
35
27
29
31
36
33
24
20
32
32
28
29
35
39
25
25
32
31
28
29
34
20
32
33
33
26
26
29
33
31
33
32
24
34
35
28
36
24
31
40
37
27
32
27
29
23
26
40
32
31
30
32
35
31
27
40
27
40
27
33
26
37
24
32
29
36
31
33
35
36
29
37
32
24
32
26
23
33
32
29
34
29
35
18
26
23
29
30
21
18
36
39
26
25
28
30
24
29
30
34
35
33
36
23
27
25
32
30
25
30
39
25
26
40
29
35
29
29
32
38
35
27
27
