29
33
20
22
24
26
35
38
27
29
32
38
35
26
29
25
24
28
31
27
28
30
29
27
31
28
28
34
24
29
32
27
23
36
28
37
34
38
19
31
33
27
24
38
28
26
36
26
40
42
31
36
29
34
34
32
36
24
23
36
40
31
36
29
31
30
26
27
32
32
37
32
33
34
24
38
42
26
39
25
27
26
34
22
34
30
34
23
39
38
37
29
29
34
32
19
20
28
39
23
27
26
36
25
34
40
30
36
29
25
27
25
24
25
29
38
32
36
30
35
32
23
27
26
28
27
32
25
27
31
25
23
28
31
31
40
21
37
40
28
33
31
38
29
32
30
22
38
32
26
34
30
38
37
35
28
27
35
27
33
32
33
31
30
30
21
25
25
29
32
35
26
31
24
32
32
26
45
41
31
22
31
31
39
37
25
31
32
28
30
28
25
29
40
25
25
30
19
25
27
31
35
29
36
36
25
22
20
29
21
32
34
28
32
21
23
33
27
34
29
32
23
37
23
29
30
20
26
35
31
31
34
20
24
25
34
31
25
35
35
36
39
29
35
26
31
25
30
22
36
30
26
33
32
37
31
29
26
31
28
30
34
28
32
37
30
30
34
33
30
29
33
38
32
23
31
33
26
36
34
27
28
24
34
29
29
26
30
26
25
39
21
27
34
24
32
38
23
28
30
34
31
34
22
33
24
22
27
39
25
33
31
28
33
30
32
17
29
31
30
28
27
18
33
26
31
27
26
29
32
40
32
25
30
29
25
35
22
34
25
24
28
26
32
25
25
31
22
38
36
40
31
22
23
22
20
33
36
31
31
30
32
27
34
27
35
27
29
22
28
28
32
35
20
27
29
36
35
32
34
29
32
28
22
23
29
28
29
30
26
26
33
26
32
26
32
29
30
21
30
33
26
33
19
29
27
30
28
34
31
41
34
35
31
35
24
25
19
30
30
34
25
28
22
31
28
30
31
33
30
26
29
22
33
25
33
30
26
29
31
35
23
29
36
34
32
30
31
30
29
26
27
23
25
33
32
21
31
31
36
27
35
31
42
24
31
30
24
28
39
25
30
34
30
37
21
28
18
41
21
28
27
34
32
34
39
27
37
22
31
27
32
20
22
29
41
31
28
19
31
29
21
33
28
29
31
35
26
23
47
34
34
36
36
42
23
40
28
32
33
30
34
34
26
34
33
36
36
36
30
29
23
28
24
39
34
28
25
26
37
33
36
31
28
25
26
34
19
31
27
29
36
19
29
31
24
23
29
36
32
38
22
23
23
35
34
32
32
38
37
30
28
30
32
31
30
27
27
29
24
29
25
21
28
33
36
31
22
28
20
26
28
30
31
33
29
24
32
32
25
33
26
31
39
35
31
22
24
38
25
37
30
31
36
31
23
34
29
33
31
28
26
26
24
31
29
20
24
31
26
21
23
31
33
32
34
35
27
30
22
29
24
32
34
27
33
37
27
25
29
19
29
26
32
32
31
32
28
32
34
36
34
20
39
21
29
41
29
34
32
38
26
28
23
29
31
24
25
18
26
30
36
24
22
28
31
27
30
31
27
36
25
17
31
33
26
32
34
35
24
32
22
30
28
27
32
33
27
36
39
35
33
35
28
31
31
32
35
30
19
34
37
36
24
21
35
27
43
21
34
30
29
36
33
23
29
35
33
30
26
32
31
28
26
33
31
32
30
31
32
31
34
26
34
31
40
35
20
30
25
27
33
31
27
24
28
31
33
40
31
28
28
31
26
22
37
21
28
31
34
27
30
23
29
35
38
30
25
35
26
29
37
27
38
30
24
25
37
35
29
27
29
30
32
26
21
28
36
31
28
28
23
31
35
29
25
29
31
28
25
35
19
39
30
33
27
32
39
29
23
29
33
32
27
32
26
22
30
27
39
28
32
38
29
32
25
32
29
26
27
25
28
32
20
23
22
29
31
20
30
36
28
39
28
27
31
36
28
15
35
24
29
27
30
29
26
33
25
24
29
33
25
21
27
30
28
29
26
37
31
21
28
28
30
33
30
29
29
26
32
32
32
32
28
40
29
35
21
42
26
30
27
34
36
26
32
27
25
18
37
39
30
21
27
26
25
28
30
35
27
33
33
30
30
35
32
30
36
30
20
41
26
26
30
28
24
39
27
24
33
28
31
30
23
27
35
31
36
24
31
26
38
35
28
33
26
24
39
37
29
28
32
30
29
32
23
28
25
33
26
29
30
32
25
27
30
38
32
34
27
31
26
31
24
37
31
19
31
39
28
26
