22
27
39
27
34
46
40
25
38
32
21
34
26
38
29
27
22
31
32
38
22
37
27
32
31
27
31
20
27
36
30
29
47
25
34
37
24
35
21
26
35
29
31
24
33
32
31
31
36
21
20
28
28
35
24
36
34
29
31
29
35
37
36
28
32
28
27
27
37
29
33
30
29
20
30
35
28
32
29
29
30
39
27
29
21
26
22
31
31
23
26
34
28
24
27
28
36
18
40
28
38
31
40
27
36
34
31
27
37
35
22
35
33
39
24
33
28
33
38
33
32
27
28
33
29
27
29
34
28
32
31
30
20
28
24
36
26
30
38
37
34
40
32
35
30
34
36
25
24
28
36
19
27
26
37
30
41
35
25
28
33
28
29
38
29
30
33
25
40
35
20
20
21
37
30
40
21
38
34
27
28
30
40
31
23
26
25
33
28
24
33
33
31
41
25
29
36
31
41
35
31
34
35
24
22
32
29
27
40
33
34
30
32
33
26
26
34
25
27
34
39
37
29
28
25
28
36
29
29
30
33
23
30
24
23
34
34
36
25
38
31
34
36
24
29
33
32
29
31
22
30
35
34
26
34
22
21
34
35
31
24
39
41
23
33
21
31
29
29
26
39
27
28
27
35
27
36
14
30
29
26
35
28
33
27
36
31
25
25
20
32
32
32
28
37
28
26
38
27
31
30
27
23
36
28
23
30
22
24
32
28
29
31
35
26
40
26
35
38
38
31
35
34
29
30
27
23
36
28
35
40
27
37
27
30
22
30
36
33
23
26
24
30
33
35
34
29
35
33
34
28
33
30
21
31
33
39
29
24
28
29
35
32
28
40
28
34
33
32
34
30
33
30
23
26
18
33
32
30
24
30
29
26
30
26
29
33
29
27
31
31
32
28
35
36
25
34
26
30
31
29
31
42
28
31
36
27
32
29
38
27
16
30
30
23
32
32
25
36
22
39
30
37
18
26
29
27
32
25
31
34
22
38
31
22
34
25
25
37
26
30
38
33
43
31
39
28
34
28
30
31
36
30
21
36
32
27
30
31
33
37
22
34
28
31
32
30
33
32
21
43
29
21
33
24
28
30
35
29
36
28
26
27
26
25
19
35
25
35
30
25
24
28
35
25
22
30
30
28
32
26
26
19
33
32
37
17
41
37
29
34
21
24
30
29
24
25
31
25
30
27
28
34
31
29
38
34
28
39
39
27
25
21
25
29
34
35
28
24
25
29
32
38
22
24
32
30
37
30
31
32
25
27
27
35
36
25
37
40
29
24
29
39
28
29
36
30
28
27
30
30
30
31
31
28
26
38
48
20
37
29
37
36
22
37
23
33
40
31
20
34
34
40
25
26
40
30
38
32
23
31
28
30
28
24
20
31
31
35
24
23
27
18
17
22
36
33
32
40
33
30
22
27
35
33
24
26
29
32
33
21
17
30
38
23
38
17
16
31
37
31
33
31
21
23
33
32
18
32
24
30
22
27
25
35
34
32
32
34
33
37
34
22
30
26
26
30
36
21
31
34
29
28
26
27
35
25
25
40
30
33
25
36
35
32
27
27
32
33
32
24
29
23
22
19
28
30
28
29
29
23
31
27
28
27
24
26
22
33
27
30
23
34
32
28
38
25
29
33
29
38
27
33
27
31
33
30
19
21
34
27
31
30
31
28
26
34
29
31
37
26
21
30
27
24
30
30
31
24
28
17
33
27
27
29
36
28
26
38
36
30
33
38
30
41
40
19
27
34
30
32
36
33
29
32
35
31
34
30
29
23
30
31
32
33
27
36
37
31
35
30
27
26
35
25
28
27
35
29
33
40
33
35
28
35
22
29
33
36
29
32
26
22
31
27
32
34
27
20
32
25
35
23
26
24
21
31
35
38
16
27
36
38
30
28
29
23
27
32
26
27
22
23
26
26
34
30
30
31
18
40
28
36
29
30
33
23
27
33
30
26
30
35
33
34
36
38
22
27
32
36
32
23
22
33
34
31
32
34
30
22
24
23
31
33
21
28
31
23
36
36
22
30
17
30
32
24
32
24
33
26
25
37
31
25
21
33
29
31
30
30
26
27
25
27
35
29
25
31
35
21
35
31
36
29
32
22
32
17
29
26
33
24
28
27
29
33
27
29
24
34
35
28
33
30
40
25
29
32
36
25
29
38
34
40
32
33
34
35
24
30
29
17
24
31
35
24
37
21
29
34
26
39
38
40
30
28
26
35
36
26
23
29
23
36
31
33
28
30
37
23
28
25
26
27
24
25
31
28
31
28
