.	0	3	13	23	28	33	38	42	
.	0	526344	4334757	4334761	9418902	258651803	258651837	258651838	
.	1	3	13	23	28	33	38	
.	1	404784	4616324	4616325	9843737	258651554	258651838	
.	2	3	13	23	28	33	38	
.	2	68179	4461348	4462047	9938580	61375346	258651838	
.	3	3	13	23	28	33	38	
.	3	4148	3566579	3993387	8512146	29860792	258651838	
.	4	13	23	28	33	38	
.	4	3180762	5401100	7604105	20764122	258651838	
.	5	3	13	23	28	33	38	42	
.	5	4314	4230816	5330596	8303880	21258061	47064313	258651838	
.	6	13	23	28	33	38	42	
.	6	2650886	4972430	7751898	18108096	44225413	258651838	
.	7	13	23	28	33	38	42	
.	7	2412540	3293363	5701741	17255572	41079173	258651838	
.	8	13	23	28	33	38	42	
.	8	2367644	3112988	5301001	16003252	36329289	258651838	
.	9	13	23	28	33	38	42	
.	9	2111123	2807968	4891896	13999242	33109591	258651838	
.	10	13	23	28	33	38	42	
.	10	2104103	2780731	4772377	12471706	30048889	258651838	
.	11	3	13	23	28	33	38	42	
.	11	13944	2174481	2872574	4828009	12512766	30899533	258651838	
.	12	13	23	28	33	38	42	
.	12	3019292	4180830	6501446	14749418	34602302	258651838	
.	13	13	23	28	33	38	42	
.	13	4173834	6739889	10968281	18962492	41995612	258651838	
.	14	13	23	28	33	38	42	
.	14	3244483	5409640	9388629	16928059	39327669	258651838	
.	15	13	23	28	33	38	42	
.	15	3021917	5235679	9548935	16194922	38281095	258651838	
.	16	3	13	23	28	33	38	42	
.	16	12008	2685099	4636988	6877794	15263985	36624392	258651838	
.	17	3	13	23	28	33	38	42	
.	17	23550	2761324	4880769	7150236	15730112	37352751	258651838	
.	18	13	23	28	33	38	42	
.	18	2639534	4860176	7703811	15679441	36656760	258651838	
.	19	13	23	28	33	38	42	
.	19	2728933	4994035	7709155	16250517	37204221	258651838	
.	20	13	23	28	33	38	42	
.	20	2926379	5400300	9305652	16956330	37892910	258651838	
.	21	13	23	28	33	38	42	
.	21	3974342	6684998	12105081	18933834	40603722	258651838	
.	22	13	23	28	33	38	42	
.	22	3756051	6739870	12897617	20941931	43486848	258651838	
.	23	13	23	28	33	38	42	
.	23	4016418	7157798	14474377	20963970	44840465	258651838	
.	24	13	23	28	33	38	42	
.	24	3093551	5933581	12245186	18118137	42264713	258651838	
.	25	3	13	23	28	33	38	42	
.	25	16029	3875012	6637863	12432488	17643467	39734745	258651838	
.	26	13	23	28	33	38	42	
.	26	3787234	6614933	12154349	17277646	38390096	258651838	
.	27	13	23	28	33	38	42	
.	27	3902032	6801785	12292279	17410737	38207924	258651838	
.	28	13	23	28	33	38	42	
.	28	3963611	6888077	12554778	17637372	38447977	258651838	
.	29	3	13	23	28	33	38	42	
.	29	12643	4023619	6987789	12829300	17944283	39069422	258651838	
.	30	3	13	23	28	33	38	42	
.	30	88	4228957	7249747	13332566	18429661	39538431	258651838	
.	31	3	13	23	28	33	38	42	
.	31	51141	4397132	7442594	13495474	18602641	39434645	258651838	
.	32	3	13	23	28	33	38	42	
.	32	25246	4564764	7685628	13776085	18991763	39984062	258651838	
.	33	3	13	23	28	33	38	42	
.	33	6998	4535013	7647178	13623051	18819924	39544319	258651838	
.	34	13	23	28	33	38	42	
.	34	4635460	7778797	13650700	18870585	39472827	258651838	
.	35	3	13	23	28	33	38	42	
.	35	5743	4744968	7965679	13848415	19131218	39747798	258651838	
.	36	13	23	28	33	38	42	
.	36	5085522	8474434	14596459	20044229	41198629	258651838	
.	37	13	23	28	33	38	42	
.	37	5003267	8310370	14425832	19731622	40799167	258651838	
.	38	3	13	23	28	33	38	42	
.	38	993	5633796	9125995	16169164	21612872	43682464	258651838	
.	39	3	13	23	28	33	38	42	
.	39	4073	6709402	10449093	18374174	23692798	45170745	258651838	
.	40	3	13	23	28	33	38	42	
.	40	19729	6569542	10347875	18279105	23559006	44780671	258651838	
.	41	3	13	23	28	33	38	42	
.	41	179	6810596	10431766	17663373	22917678	44236521	258651838	
.	42	3	13	23	28	33	38	42	
.	42	3630	7007534	10634516	17831039	23128121	44406766	258651838	
.	43	13	23	28	33	38	42	
.	43	7223748	10877568	18104015	23411608	44770532	258651838	
.	44	13	23	28	33	38	42	
.	44	7453291	11128792	18270370	23598850	44940178	258651838	
.	45	13	23	28	33	38	42	
.	45	7779956	11502946	18700593	24063724	45552422	258651838	
.	46	3	13	23	28	33	38	42	
.	46	237	8504852	12516379	20746510	26247073	48295677	258651838	
.	47	3	13	23	28	33	38	42	
.	47	19410	9480203	13660980	22294418	27695457	49191680	258651838	
.	48	3	13	23	28	33	38	42	
.	48	17964	10315261	14645396	23394822	28843019	50392455	258651838	
.	49	13	23	28	33	38	42	
.	49	11125251	15571781	24319798	29750936	51212796	258651838	
.	50	13	23	28	33	38	42	
.	50	11418668	15964335	24862567	30279725	51602002	258651838	
.	51	3	13	23	28	33	38	42	
.	51	5803	11733815	16392730	25316810	30755916	52058559	258651838	
.	52	3	13	23	28	33	38	42	
.	52	188	12241005	16989265	25847417	31366096	52875169	258651838	
.	53	13	23	28	33	38	42	
.	53	12842019	17748145	26891000	32505401	54320847	258651838	
.	54	3	13	23	28	33	38	42	
.	54	125	13623751	18733592	28577958	34222217	56211368	258651838	
.	55	13	23	28	33	38	42	
.	55	14917451	20366137	31469670	37225588	59700903	258651838	
.	56	3	13	23	28	33	38	42	
.	56	1	16581810	22498661	35187244	41004295	63672917	258651838	
.	57	13	23	28	33	38	42	
.	57	18086377	24374778	38044340	43753457	65579007	258651838	
.	58	3	13	23	28	33	38	42	
.	58	893	19328149	25749654	38908083	44836431	66171330	258651838	
.	59	3	13	23	28	33	38	42	
.	59	1774	20266252	26736345	39134126	45284350	66338412	258651838	
.	60	13	23	28	33	38	42	
.	60	22249407	29165161	41674070	48073505	68766767	258651838	
.	61	13	23	28	33	38	42	
.	61	21102951	28218064	41509736	48122713	69195209	258651838	
.	62	3	13	23	28	33	38	42	
.	62	15916	21544409	28172206	39557762	46461718	69046001	258651838	
.	63	3	13	23	28	33	38	42	
.	63	37422	21999655	28607302	39452422	46425187	68094617	258651838	
.	64	13	23	28	33	38	42	
.	64	22039335	28684656	39366713	46384829	68034617	258651838	
.	65	3	13	23	28	33	38	42	
.	65	3332	22478322	29179991	39789412	46885627	68767558	258651838	
.	66	3	13	23	28	33	38	42	
.	66	54606	22761036	29510967	40100066	47268482	69371350	258651838	
.	67	13	23	28	33	38	42	
.	67	23020074	29808043	40324101	47533575	69592239	258651838	
.	68	3	13	23	28	33	38	42	
.	68	4259	24018181	31324527	42584307	49948514	71874188	258651838	
.	69	3	13	23	28	33	38	42	
.	69	8681	23250385	30443856	42031635	49719521	71874591	258651838	
.	70	13	23	28	33	38	42	
.	70	23354522	30275154	40942578	48847177	71484229	258651838	
.	71	13	23	28	33	38	42	
.	71	24798062	32156028	43472491	51715835	73948598	258651838	
.	72	3	13	23	28	33	38	42	
.	72	5	24491816	32004611	43744358	52551705	75061155	258651838	
.	73	3	13	23	28	33	38	42	
.	73	8441	23820432	31077477	42315682	51668908	73557107	258651838	
.	74	3	13	23	28	33	38	42	
.	74	29872	23798142	30897311	41722565	51416442	72332453	258651838	
.	75	3	13	23	28	33	38	42	
.	75	14008	24024399	31142950	41959131	50094141	72191534	258651838	
.	76	13	23	28	33	38	42	
.	76	22085317	33009997	43892661	60943687	104298448	258651838	
.	77	3	13	23	28	33	38	42	
.	77	2814	22211577	29462714	39104521	51314070	77154995	258651838	
.	78	3	13	23	28	33	38	42	
.	78	3262	22080240	28482261	37968977	48142790	68797749	258651838	
.	79	3	13	23	28	33	38	42	
.	79	2650	21933978	28298365	37242644	46582469	65132681	258651838	
.	80	13	23	28	33	38	42	
.	80	22080218	28573174	37191588	46184795	63980041	258651838	
.	81	13	23	28	33	38	42	
.	81	22006903	28725036	37069320	45879779	63251498	258651838	
.	82	13	23	28	33	38	42	
.	82	22090227	28887869	37188685	45942637	63191771	258651838	
.	83	13	23	28	33	38	42	
.	83	22295680	29812116	37395717	46138541	63413001	258651838	
.	84	13	23	28	33	38	42	
.	84	22425022	30680872	37723436	46512452	63931055	258651838	
.	85	3	13	23	28	33	38	42	
.	85	2353	23971109	33276352	40453812	49255314	66795315	258651838	
.	86	13	23	28	33	38	42	
.	86	22745468	32859849	39640730	48902366	66827608	258651838	
.	87	3	13	23	28	33	38	42	
.	87	6221	22835628	32906597	38657934	47873387	66275225	258651838	
.	88	13	23	28	33	38	42	
.	88	22987610	33179313	38835309	47860096	65892436	258651838	
.	89	13	23	28	33	38	42	
.	89	23176248	33551289	39061150	48102055	66122218	258651838	
.	90	3	13	23	28	33	38	42	
.	90	1386	23363254	33775318	39291647	48331603	66408809	258651838	
.	91	3	13	23	28	33	38	42	
.	91	4823	23638116	34083454	39646443	48714039	66833157	258651838	
.	92	3	13	23	28	33	38	42	
.	92	47	24106881	34743149	40398560	49536639	67724035	258651838	
.	93	3	13	23	28	33	38	42	
.	93	19767	24522217	35459253	41302941	50632007	69089925	258651838	
.	94	13	23	28	33	38	42	
.	94	24935913	36053350	41943845	51318701	69779628	258651838	
.	95	3	13	23	28	33	38	42	
.	95	3663	25105832	36253981	42136181	51529804	70199977	258651838	
.	96	3	13	23	28	33	38	42	
.	96	9250	25343628	36523406	42395244	51650690	70185345	258651838	
.	97	3	13	23	28	33	38	42	
.	97	2154	25807713	37125691	43001633	52226466	70767551	258651838	
.	98	3	13	23	28	33	38	42	
.	98	21681	26198341	37650987	43602702	52888403	71490146	258651838	
.	99	3	13	23	28	33	38	42	
.	99	9499	26535452	38156112	44145862	53484856	72153381	258651838	
.	100	3	13	23	28	33	38	42	
.	100	8816	26973022	38774959	44802594	54170153	72906393	258651838	
.	101	3	13	23	28	33	38	42	
.	101	3545	27374045	39272209	45352924	54774155	73510662	258651838	
.	102	3	13	23	28	33	38	42	
.	102	2092	28248884	40421438	46544307	56011105	74718152	258651838	
.	103	13	23	28	33	38	42	
.	103	28203487	40612150	47059113	56629817	75273419	258651838	
.	104	3	13	23	28	33	38	42	
.	104	1638	28704760	41110027	47344802	57138965	76026242	258651838	
.	105	13	23	28	33	38	42	
.	105	29090946	41649689	47916930	57742833	76500985	258651838	
.	106	3	13	23	28	33	38	42	
.	106	736	29641930	42346245	48655983	58627608	77354842	258651838	
.	107	3	13	23	28	33	38	42	
.	107	581	30512840	43505429	49899263	60053887	78767976	258651838	
.	108	13	23	28	33	38	42	
.	108	30629929	43828125	50479232	60714076	79378950	258651838	
.	109	13	23	28	33	38	42	
.	109	31103972	44351526	50840292	61364215	80115535	258651838	
.	110	3	13	23	28	33	38	42	
.	110	45038	32474543	46091014	52681421	63202882	81957674	258651838	
.	111	3	13	23	28	33	38	42	
.	111	3772	32062468	45879147	52959725	63513013	81942326	258651838	
.	112	13	23	28	33	38	42	
.	112	32473853	46210983	52874166	63763175	82478594	258651838	
.	113	13	23	28	33	38	42	
.	113	32983407	46768298	53411604	64005583	82521100	258651838	
.	114	3	13	23	28	33	38	42	
.	114	48	34766544	49104448	56490946	67140658	85599518	258651838	
.	115	3	13	23	28	33	38	42	
.	115	6321	34201283	49003716	56595370	67644386	86478516	258651838	
.	116	3	13	23	28	33	38	42	
.	116	67657	34816648	49518757	56339320	67485900	87077671	258651838	
.	117	3	13	23	28	33	38	42	
.	117	7358	35207226	50030819	56753063	67534027	86836473	258651838	
.	118	13	23	28	33	38	42	
.	118	35633844	50624086	57335065	68072484	87292917	258651838	
.	119	3	13	23	28	33	38	42	
.	119	16947	36233733	51548494	58145174	68907941	88438355	258651838	
.	120	3	13	23	28	33	38	42	
.	120	960	36658195	52301290	58747441	69531551	89333364	258651838	
.	121	3	13	23	28	33	38	42	
.	121	1032	37340020	53366687	59650824	70487460	90885571	258651838	
.	122	3	13	23	28	33	38	42	
.	122	32	38020366	54911030	60762156	71703251	93023177	258651838	
.	123	3	13	23	28	33	38	42	
.	123	3	38659971	56142439	61848011	73012776	94952343	258651838	
.	124	3	13	23	28	33	38	42	
.	124	4186	39434299	57636709	63017374	74332446	97021387	258651838	
.	125	3	13	23	28	33	38	42	
.	125	11290	39663936	58155668	63431755	74802156	98018808	258651838	
.	126	13	23	28	33	38	42	
.	126	40074392	59093394	64092019	75411542	99157244	258651838	
.	127	13	23	28	33	38	42	
.	127	40773346	60130144	65210444	76380361	100294293	258651838	
.	128	13	23	28	33	38	42	
.	128	41363909	61167052	66354445	77248845	101310598	258651838	
.	129	13	23	28	33	38	42	
.	129	42264747	62311317	67362898	78217605	102644845	258651838	
.	130	3	13	23	28	33	38	42	
.	130	19877	42939189	63151254	68300701	79122423	103786157	258651838	
.	131	3	13	23	28	33	38	42	
.	131	22033	43569998	63925349	69128080	79852686	104785197	258651838	
.	132	3	13	23	28	33	38	42	
.	132	157	44217539	64599642	70042066	80721357	105933518	258651838	
.	133	3	13	23	28	33	38	42	
.	133	2362081	46906406	67312794	72933730	83474904	108904370	258651838	
.	134	13	23	28	33	38	42	
.	134	45602261	66215055	72415285	82777170	108937471	258651838	
.	135	3	13	23	28	33	38	42	
.	135	2760	46574007	66654009	72861686	83240148	109427238	258651838	
.	136	3	13	23	28	33	38	42	
.	136	319	47974329	67827014	74241575	84585321	111213332	258651838	
.	137	13	23	28	33	38	42	
.	137	48932247	68538058	74917746	85167443	111876679	258651838	
.	138	3	9	13	23	28	33	38	42	
.	138	31803	116473	49820227	69176759	75667438	86052650	113133748	258651838	
.	139	9	13	23	28	33	38	42	
.	139	167854	51068002	69686930	76153596	86464692	113786482	258651838	
.	140	3	9	13	23	28	33	38	42	
.	140	49668	138607	51422893	70576945	77206390	87549891	115091038	258651838	
.	141	9	13	23	28	33	38	42	
.	141	245259	52425786	71344553	77981814	88515353	116358003	258651838	
.	142	9	13	23	28	33	38	42	
.	142	1010428	53368867	72237125	78901112	89828278	117747699	258651838	
.	143	9	13	23	28	33	38	42	
.	143	1335448	54486825	72901063	79511305	90583721	118395364	258651838	
.	144	9	13	23	28	33	38	42	
.	144	1812763	55344127	73561741	80176857	91535853	119319107	258651838	
.	145	9	13	23	28	33	38	42	
.	145	2572512	56219790	74362763	80992085	92769187	120514488	258651838	
.	146	3	9	13	23	28	33	38	42	
.	146	5281	3129216	57299205	75419406	82147898	94214541	122203969	258651838	
.	147	3	9	13	23	28	33	38	42	
.	147	2342661	5684650	60201870	78364305	85120796	97476261	125344956	258651838	
.	148	9	13	23	28	33	38	42	
.	148	4049639	58862673	77419176	84347677	97163556	125321795	258651838	
.	149	3	9	13	23	28	33	38	42	
.	149	19284	4773459	65948798	87639789	98432988	118154151	159914266	258651838	
A	0	13	28	33	38	
A	0	1002074	2514094	85636175	85636180	
A	1	13	23	28	33	38	
A	1	936271	936272	2196036	78735107	78735229	
A	2	13	23	28	33	38	
A	2	918278	918432	2133064	14192626	64056986	
A	3	13	23	28	33	38	
A	3	931551	1042733	2285319	8984839	79939807	
A	4	13	23	28	33	38	
A	4	622667	1096608	1561366	4896176	64237928	
A	5	13	23	28	33	38	42	
A	5	1293467	1632692	2579796	7091916	16667505	100141340	
A	6	13	23	28	33	38	42	
A	6	776468	1403507	2181328	4929856	11260784	68964625	
A	7	13	23	28	33	38	42	
A	7	691106	888487	1776871	6442334	15581880	108714093	
A	8	13	23	28	33	38	42	
A	8	724773	948865	1744763	5474506	12552431	89967872	
A	9	13	23	28	33	38	42	
A	9	986363	1275512	2359517	7110277	16588488	137608653	
A	10	13	23	28	33	38	42	
A	10	787568	996626	1874764	4925123	12814138	133602809	
A	11	13	23	28	33	38	42	
A	11	998160	1315324	2168531	5330441	13157672	138534938	
A	12	13	23	28	33	38	42	
A	12	1179588	1767026	2409705	4888790	11291357	86386209	
A	13	13	23	28	33	38	42	
A	13	611614	993306	1595997	2685056	6404408	30995055	
A	14	13	23	28	33	38	42	
A	14	492744	854353	1607438	3026774	7007078	54276334	
A	15	13	23	28	33	38	42	
A	15	553767	955294	1940071	3394286	7782762	63521077	
A	16	13	23	28	33	38	42	
A	16	656072	1103569	1669177	3902853	9181912	75514528	
A	17	13	23	28	33	38	42	
A	17	660337	1140755	1664350	3762110	8587835	65080390	
A	18	13	23	28	33	38	42	
A	18	677834	1232559	1987690	4146569	9532107	71919638	
A	19	13	23	28	33	38	42	
A	19	782917	1426015	2217425	4808003	10952906	80776987	
A	20	13	23	28	33	38	42	
A	20	802404	1473650	2655336	4833601	10767633	78778556	
A	21	13	23	28	33	38	42	
A	21	1216145	1920968	3485721	5338253	11214533	78189863	
A	22	13	23	28	33	38	42	
A	22	917844	1641307	3191464	5262220	11151058	75545339	
A	23	13	23	28	33	38	42	
A	23	836701	1490998	2980010	4434604	9782691	68435223	
A	24	13	23	28	33	38	42	
A	24	757895	1392902	2865761	4158849	9150700	65688002	
A	25	13	23	28	33	38	42	
A	25	961014	1599255	3156304	4290281	9146961	64768821	
A	26	13	23	28	33	38	42	
A	26	1005131	1682838	3344461	4498682	9516000	66038126	
A	27	13	23	28	33	38	42	
A	27	987909	1655238	3331182	4476315	9590601	67454856	
A	28	13	23	28	33	38	42	
A	28	1057702	1781765	3641965	4869732	10422544	72615991	
A	29	13	23	28	33	38	42	
A	29	1134583	1908055	3915120	5213569	11014431	74808543	
A	30	13	23	28	33	38	42	
A	30	1293950	2121519	4297831	5571952	11112807	71324523	
A	31	13	23	28	33	38	42	
A	31	1378901	2224549	4394669	5654398	11044685	71555291	
A	32	13	23	28	33	38	42	
A	32	1439249	2292514	4389947	5659467	10997081	70563956	
A	33	13	23	28	33	38	42	
A	33	1404925	2222636	4234404	5459780	10692916	70103184	
A	34	13	23	28	33	38	42	
A	34	1400183	2189834	4110856	5306525	10460661	69335109	
A	35	13	23	28	33	38	42	
A	35	1437761	2232325	4154081	5357434	10475559	68866324	
A	36	13	23	28	33	38	42	
A	36	1596961	2467678	4546930	5856556	11438008	72640147	
A	37	13	23	28	33	38	42	
A	37	1577102	2440005	4529069	5824179	11417411	73846715	
A	38	13	23	28	33	38	42	
A	38	1952313	2978701	5863379	7295684	13638485	73464686	
A	39	13	23	28	33	38	42	
A	39	2604111	3854159	7539985	8868350	14517552	74661274	
A	40	13	23	28	33	38	42	
A	40	2624004	3859280	7351831	8658416	14255954	75408374	
A	41	13	23	28	33	38	42	
A	41	2758661	3957204	7000511	8312409	13944874	75661553	
A	42	13	23	28	33	38	42	
A	42	2840619	4048009	7042972	8428604	14264446	78098866	
A	43	13	23	28	33	38	42	
A	43	2930772	4139213	7110525	8512839	14463765	78736219	
A	44	13	23	28	33	38	42	
A	44	2979184	4172172	7083290	8493713	14478033	79627042	
A	45	13	23	28	33	38	42	
A	45	3137580	4362462	7362251	8845715	15198696	83228534	
A	46	13	23	28	33	38	42	
A	46	3771402	5291045	9388382	11096339	18374408	88353881	
A	47	13	23	28	33	38	42	
A	47	4338267	5996732	10460415	12097992	18960749	89645446	
A	48	13	23	28	33	38	42	
A	48	4732506	6433942	10875286	12497798	19206399	88344445	
A	49	13	23	28	33	38	42	
A	49	5145598	6896959	11265861	12861691	19425153	88151363	
A	50	13	23	28	33	38	42	
A	50	5259268	7046934	11500328	13061884	19450990	87433807	
A	51	13	23	28	33	38	42	
A	51	5430263	7282769	11731514	13336453	19811343	89080028	
A	52	13	23	28	33	38	42	
A	52	5592092	7423171	11718108	13331650	19845375	88176652	
A	53	13	23	28	33	38	42	
A	53	5929714	7861768	12388312	14070315	20818632	87968525	
A	54	13	23	28	33	38	42	
A	54	6391307	8458202	13657551	15353429	22277560	87704969	
A	55	13	23	28	33	38	42	
A	55	7127362	9454394	15749453	17498172	24733289	86628475	
A	56	13	23	28	33	38	42	
A	56	8213420	10916811	18658770	20403887	27754392	84847060	
A	57	13	23	28	33	38	42	
A	57	9051222	11996374	20519024	22086862	28468151	83766017	
A	58	13	23	28	33	38	42	
A	58	9644281	12590637	20408324	21954434	27898410	82186966	
A	59	13	23	28	33	38	42	
A	59	9992058	12865925	19810270	21383400	27176573	81051672	
A	60	13	23	28	33	38	42	
A	60	10665157	13603156	20188391	21837763	27654663	81709260	
A	61	13	23	28	33	38	42	
A	61	10245718	13114621	19710346	21443595	27463402	81512104	
A	62	13	23	28	33	38	42	
A	62	10145845	12830886	18402515	20218936	26707727	80768978	
A	63	13	23	28	33	38	42	
A	63	10148349	12742675	17805172	19677549	25976282	81108673	
A	64	13	23	28	33	38	42	
A	64	10176427	12782006	17710799	19638795	25979424	81137053	
A	65	13	23	28	33	38	42	
A	65	10165311	12709380	17440634	19374883	25760980	81201919	
A	66	13	23	28	33	38	42	
A	66	10148199	12660519	17287439	19235944	25630322	80460770	
A	67	13	23	28	33	38	42	
A	67	10152625	12662665	17191986	19189713	25568567	80779991	
A	68	13	23	28	33	38	42	
A	68	10532726	13188996	18115928	20094162	26312639	79409650	
A	69	13	23	28	33	38	42	
A	69	10128086	12625331	17409795	19461819	25704610	79221712	
A	70	13	23	28	33	38	42	
A	70	10186009	12670372	17138494	19238635	25547203	78708160	
A	71	13	23	28	33	38	42	
A	71	10701732	13344046	18066537	20264834	26434222	78362524	
A	72	13	23	28	33	38	42	
A	72	10449929	13050091	17838490	20223124	26534444	78548881	
A	73	13	23	28	33	38	42	
A	73	10171213	12667417	17236095	19773695	25861798	78524600	
A	74	13	23	28	33	38	42	
A	74	10257340	12769497	17298587	19986760	25853275	79221989	
A	75	13	23	28	33	38	42	
A	75	10323872	12836024	17362615	19593852	25988657	80512315	
A	76	13	23	28	33	38	42	
A	76	9875191	13730328	17500963	21983743	32305832	80452498	
A	77	13	23	28	33	38	42	
A	77	10014678	12655409	16648876	20076053	27068334	79130024	
A	78	13	23	28	33	38	42	
A	78	9996567	12379487	16577331	19519845	25206435	80415793	
A	79	13	23	28	33	38	42	
A	79	10094848	12572997	16643089	19412988	24604841	80793728	
A	80	13	23	28	33	38	42	
A	80	10114335	12677436	16598438	19326507	24435798	82053622	
A	81	13	23	28	33	38	42	
A	81	10143487	12851488	16682409	19388267	24418792	83144879	
A	82	13	23	28	33	38	42	
A	82	10380481	13192783	17031336	19704273	24635242	82656602	
A	83	13	23	28	33	38	42	
A	83	10408459	13587197	17014444	19685065	24658412	82664807	
A	84	13	23	28	33	38	42	
A	84	10491072	14124777	17258175	19952917	24978537	82289403	
A	85	13	23	28	33	38	42	
A	85	11064254	15197978	18262086	20922031	25919107	81855018	
A	86	13	23	28	33	38	42	
A	86	10866162	15473867	18191001	20906823	25854200	79598145	
A	87	13	23	28	33	38	42	
A	87	10915198	15580746	17932485	20670191	25815404	80684124	
A	88	13	23	28	33	38	42	
A	88	11007992	15787241	18123475	20864007	26021481	82380609	
A	89	13	23	28	33	38	42	
A	89	11046582	15916772	18181687	20969404	26250247	83225030	
A	90	13	23	28	33	38	42	
A	90	11022673	15891757	18188294	21057747	26558877	85461824	
A	91	13	23	28	33	38	42	
A	91	11086024	15928878	18227322	21069495	26560478	84958835	
A	92	13	23	28	33	38	42	
A	92	11156453	15978228	18265113	21056368	26464590	83527071	
A	93	13	23	28	33	38	42	
A	93	11310243	16276961	18640979	21479683	26973846	84348751	
A	94	13	23	28	33	38	42	
A	94	11489424	16491987	18841257	21599068	26890257	82241237	
A	95	13	23	28	33	38	42	
A	95	11608961	16669503	19059886	21804751	27102258	81718128	
A	96	13	23	28	33	38	42	
A	96	11754099	16923582	19356815	22124950	27451055	82969194	
A	97	13	23	28	33	38	42	
A	97	11952265	17180425	19633431	22397991	27760044	82988799	
A	98	13	23	28	33	38	42	
A	98	11960649	17222457	19694164	22481466	27911088	83644319	
A	99	13	23	28	33	38	42	
A	99	12221537	17636023	20157551	22990033	28457881	83585142	
A	100	13	23	28	33	38	42	
A	100	12414902	17931598	20495954	23374466	28939856	84447465	
A	101	13	23	28	33	38	42	
A	101	12661501	18193814	20733719	23539701	28911994	82853054	
A	102	13	23	28	33	38	42	
A	102	12989116	18651045	21245515	24132735	29605835	84117891	
A	103	13	23	28	33	38	42	
A	103	13113599	18905082	21638366	24601243	30101181	84984480	
A	104	13	23	28	33	38	42	
A	104	13282405	19103810	21762474	24792562	30384295	84917771	
A	105	13	23	28	33	38	42	
A	105	13545574	19479611	22160216	25212700	30674026	84637347	
A	106	13	23	28	33	38	42	
A	106	13687246	19654976	22344086	25457017	30885033	84424642	
A	107	13	23	28	33	38	42	
A	107	14093100	20197942	22932300	26124322	31511336	84132630	
A	108	13	23	28	33	38	42	
A	108	14118838	20308679	23149714	26401263	31799871	84871120	
A	109	13	23	28	33	38	42	
A	109	14481510	20792029	23596856	26982458	32412697	85644254	
A	110	13	23	28	33	38	42	
A	110	15028654	21505507	24366834	27779028	33225144	85851336	
A	111	13	23	28	33	38	42	
A	111	14944370	21454515	24516900	28024526	33453302	87648920	
A	112	13	23	28	33	38	42	
A	112	15251348	21845863	24766938	28331795	33778167	86649666	
A	113	13	23	28	33	38	42	
A	113	15421225	22075677	25020991	28547086	33985093	87538135	
A	114	13	23	28	33	38	42	
A	114	15976163	22792214	25996328	29519937	34940212	87321244	
A	115	13	23	28	33	38	42	
A	115	15944743	22927529	26259672	29935246	35555200	88421433	
A	116	13	23	28	33	38	42	
A	116	16238189	23277644	26282786	29984843	35796712	87626788	
A	117	13	23	28	33	38	42	
A	117	16544338	23728143	26720333	30358670	36160972	89018654	
A	118	13	23	28	33	38	42	
A	118	16685557	23963379	26961277	30598250	36382312	89596257	
A	119	13	23	28	33	38	42	
A	119	16867933	24268328	27195597	30851132	36737177	89673494	
A	120	13	23	28	33	38	42	
A	120	17111785	24728603	27592148	31311970	37358981	90662066	
A	121	13	23	28	33	38	42	
A	121	17367129	25143373	27880513	31590275	37766881	90263089	
A	122	13	23	28	33	38	42	
A	122	17652792	25865203	28289979	31959904	38214659	89182787	
A	123	13	23	28	33	38	42	
A	123	17960214	26475340	28795314	32539469	39019526	90379999	
A	124	13	23	28	33	38	42	
A	124	18170742	26942473	29025469	32747540	39278702	89423050	
A	125	13	23	28	33	38	42	
A	125	18560959	27622467	29662515	33447701	40103958	89659337	
A	126	13	23	28	33	38	42	
A	126	18725800	28188182	30102144	33976397	40836400	90278882	
A	127	13	23	28	33	38	42	
A	127	19254832	29067526	31010613	34860247	41745634	89783423	
A	128	13	23	28	33	38	42	
A	128	19594637	29840301	31787603	35529966	42451694	90115721	
A	129	13	23	28	33	38	42	
A	129	19884609	30149766	31992250	35691699	42775278	90552683	
A	130	13	23	28	33	38	42	
A	130	20156340	30411473	32289554	35964048	43164196	90623145	
A	131	13	23	28	33	38	42	
A	131	20541906	30916114	32778807	36367564	43519831	89623143	
A	132	13	23	28	33	38	42	
A	132	20856604	31200592	33179770	36784412	44137142	90808151	
A	133	13	23	28	33	38	42	
A	133	21004258	31280382	33320404	36869979	44290421	89723487	
A	134	13	23	28	33	38	42	
A	134	21285187	31491765	33740511	37185995	44841449	90054038	
A	135	13	23	28	33	38	42	
A	135	21769955	31936318	34186971	37650442	45379077	90793986	
A	136	13	23	28	33	38	42	
A	136	22240367	32305713	34625024	38081840	45994856	90894947	
A	137	13	23	28	33	38	42	
A	137	22618469	32440699	34758459	38149063	46093136	90660758	
A	138	9	13	23	28	33	38	42	
A	138	15412	22922622	32710060	35068981	38545016	46736197	91567603	
A	139	9	13	23	28	33	38	42	
A	139	32721	23492576	33049295	35421486	38874738	47180879	92055669	
A	140	9	13	23	28	33	38	42	
A	140	16565	23606439	33276789	35677466	39103053	47377364	91386572	
A	141	9	13	23	28	33	38	42	
A	141	49942	24040180	33696157	36102729	39602764	48008543	91635784	
A	142	9	13	23	28	33	38	42	
A	142	194703	24474158	34152840	36555816	40158249	48557275	91477567	
A	143	9	13	23	28	33	38	42	
A	143	252971	24798751	34230924	36603570	40221686	48561454	90978555	
A	144	9	13	23	28	33	38	42	
A	144	343572	25210610	34738534	37139196	40912507	49404274	92416249	
A	145	9	13	23	28	33	38	42	
A	145	515309	25554105	35035526	37448377	41374581	49933137	92723068	
A	146	9	13	23	28	33	38	42	
A	146	603649	25754885	35071343	37508370	41521918	50259404	92792346	
A	147	9	13	23	28	33	38	42	
A	147	631424	26073056	35494463	37974805	42159881	51097309	93547050	
A	148	9	13	23	28	33	38	42	
A	148	788648	26533126	36089844	38644019	42960253	51974567	94638108	
A	149	9	13	23	28	33	38	42	
A	149	846313	30091697	41483801	45202047	51757900	65309087	98519345	
T	0	13	23	28	33	38	42	
T	0	1165601	1165602	2481352	40980645	40980655	40980656	
T	1	13	28	33	38	
T	1	1935925	4063434	74598654	74598727	
T	2	13	23	28	33	38	
T	2	1874023	1874293	3953883	20305413	74088571	
T	3	13	23	28	33	38	
T	3	1219953	1354534	2748626	8377577	60218652	
T	4	13	23	28	33	38	
T	4	1360625	2219076	3043837	7340775	71663958	
T	5	13	23	28	33	38	42	
T	5	1652883	2013141	3018218	6951866	12867409	51606574	
T	6	13	23	28	33	38	42	
T	6	1027728	1831689	2808933	6012165	14456890	81224972	
T	7	13	23	28	33	38	42	
T	7	475559	641759	1093374	2708441	6998005	33118972	
T	8	13	23	28	33	38	42	
T	8	260441	357746	585300	1393543	3586068	20671760	
T	9	13	23	28	33	38	42	
T	9	204411	280274	487531	1267792	3268203	20915815	
T	10	13	23	28	33	38	42	
T	10	332042	432972	719311	1717769	4103425	24719799	
T	11	13	23	28	33	38	42	
T	11	557106	724236	1362045	3794096	10309022	72928988	
T	12	13	23	28	33	38	42	
T	12	1240205	1561739	2815033	6759355	16657472	129737606	
T	13	13	23	28	33	38	42	
T	13	2354145	3610085	6003310	10163926	20875587	128413774	
T	14	13	23	28	33	38	42	
T	14	1552438	2299882	3854710	6460878	14013802	91001024	
T	15	13	23	28	33	38	42	
T	15	1214871	1881086	3263633	5160747	11086202	61459246	
T	16	13	23	28	33	38	42	
T	16	1015197	1610552	2360941	4786981	10696272	68787673	
T	17	13	23	28	33	38	42	
T	17	1019747	1712602	2475650	5185901	11725337	73223240	
T	18	13	23	28	33	38	42	
T	18	986339	1706718	2624892	4968697	11190581	70879210	
T	19	13	23	28	33	38	42	
T	19	1025771	1784291	2664885	5250441	11404570	69924185	
T	20	13	23	28	33	38	42	
T	20	1226306	2099407	3536050	6045547	12540592	74504181	
T	21	13	23	28	33	38	42	
T	21	1370495	2255723	4291936	6314794	12419141	67314702	
T	22	13	23	28	33	38	42	
T	22	1722739	2856521	5598721	8324292	15303736	74722383	
T	23	13	23	28	33	38	42	
T	23	1928273	3135071	6497731	8635849	15626087	71587842	
T	24	13	23	28	33	38	42	
T	24	1163731	2039823	4141483	5851797	12897936	71574427	
T	25	13	23	28	33	38	42	
T	25	1473673	2391456	4479728	6184276	13888784	80022764	
T	26	13	23	28	33	38	42	
T	26	1393458	2250749	4082470	5646056	12312977	75515853	
T	27	13	23	28	33	38	42	
T	27	1478358	2428844	4272783	5932905	12658378	77411484	
T	28	13	23	28	33	38	42	
T	28	1528449	2470455	4357165	5976836	12719945	76670208	
T	29	13	23	28	33	38	42	
T	29	1458541	2360056	4179599	5735614	12285159	72095809	
T	30	13	23	28	33	38	42	
T	30	1450201	2341324	4186076	5740409	12471865	73514751	
T	31	13	23	28	33	38	42	
T	31	1328815	2139148	3825126	5266073	11350573	66692200	
T	32	13	23	28	33	38	42	
T	32	1431785	2294021	4060076	5587018	11913317	68752896	
T	33	13	23	28	33	38	42	
T	33	1458607	2337722	4136026	5686487	12174734	72534380	
T	34	13	23	28	33	38	42	
T	34	1510620	2454519	4302144	5932353	12597462	76242310	
T	35	13	23	28	33	38	42	
T	35	1557989	2541181	4382793	6038155	12632586	75389291	
T	36	13	23	28	33	38	42	
T	36	1630095	2637474	4513288	6184833	12849543	74215126	
T	37	13	23	28	33	38	42	
T	37	1680425	2722417	4669927	6371741	13246493	77674400	
T	38	13	23	28	33	38	42	
T	38	1791561	2826645	4848839	6556529	13587503	76360224	
T	39	13	23	28	33	38	42	
T	39	1781992	2724963	4687103	6298526	13165579	73054361	
T	40	13	23	28	33	38	42	
T	40	1734236	2677531	4764841	6367238	13207696	73965452	
T	41	13	23	28	33	38	42	
T	41	1703593	2597630	4511903	6064133	12680465	70878827	
T	42	13	23	28	33	38	42	
T	42	1710803	2604380	4496518	6063027	12616786	70892346	
T	43	13	23	28	33	38	42	
T	43	1828531	2788709	4821623	6451931	13348529	74507615	
T	44	13	23	28	33	38	42	
T	44	1842777	2785253	4748144	6353961	13028951	71647294	
T	45	13	23	28	33	38	42	
T	45	1834802	2747774	4657098	6208852	12655470	67419809	
T	46	13	23	28	33	38	42	
T	46	1812947	2686620	4502663	5977154	12104720	64476281	
T	47	13	23	28	33	38	42	
T	47	1907906	2794751	4629423	6114751	12281210	64770432	
T	48	13	23	28	33	38	42	
T	48	2016367	2930691	4815749	6333212	12630898	65180494	
T	49	13	23	28	33	38	42	
T	49	2036981	2958456	4864567	6400300	12806501	65659716	
T	50	13	23	28	33	38	42	
T	50	2111391	3051036	4984053	6522348	12870121	64995172	
T	51	13	23	28	33	38	42	
T	51	2118409	3045689	4942657	6442929	12631486	63675068	
T	52	13	23	28	33	38	42	
T	52	2171342	3118370	5032442	6568931	12874237	64544951	
T	53	13	23	28	33	38	42	
T	53	2296940	3279620	5250951	6818272	13225760	65137946	
T	54	13	23	28	33	38	42	
T	54	2374269	3346139	5307522	6851836	13192244	64510130	
T	55	13	23	28	33	38	42	
T	55	2511346	3521814	5551603	7132105	13578948	65199459	
T	56	13	23	28	33	38	42	
T	56	2669912	3699601	5797419	7388318	13864949	65528540	
T	57	13	23	28	33	38	42	
T	57	2788165	3837349	5984771	7595004	14096248	65353967	
T	58	13	23	28	33	38	42	
T	58	2837961	3882997	6045421	7692512	14075603	64969108	
T	59	13	23	28	33	38	42	
T	59	2970064	4027945	6198770	7891502	14229393	64776034	
T	60	13	23	28	33	38	42	
T	60	3338216	4459843	6818477	8535781	14725029	64058648	
T	61	13	23	28	33	38	42	
T	61	3291144	4502807	7319811	9116038	15465423	65459793	
T	62	13	23	28	33	38	42	
T	62	3444198	4639516	7057899	8939079	15715934	66186963	
T	63	13	23	28	33	38	42	
T	63	3391539	4585812	6945724	8897461	15464006	66731775	
T	64	13	23	28	33	38	42	
T	64	3474750	4667903	7039308	8957360	15502702	66326793	
T	65	13	23	28	33	38	42	
T	65	3615790	4863811	7316999	9309207	16008060	67261064	
T	66	13	23	28	33	38	42	
T	66	3706704	4943976	7383526	9327740	16022612	66749962	
T	67	13	23	28	33	38	42	
T	67	3891134	5170059	7676850	9688243	16495957	67870554	
T	68	13	23	28	33	38	42	
T	68	3887785	5166162	7679577	9710112	16342446	66915649	
T	69	13	23	28	33	38	42	
T	69	3946861	5272737	8147731	10295976	17090722	67713169	
T	70	13	23	28	33	38	42	
T	70	3990314	5300108	7937008	10201194	17266806	68989052	
T	71	13	23	28	33	38	42	
T	71	4337813	5776977	8687799	11177981	18405133	70935362	
T	72	13	23	28	33	38	42	
T	72	4270041	5711658	8721307	11309353	18436887	69829981	
T	73	13	23	28	33	38	42	
T	73	4020416	5391867	8221272	10937378	17747867	68874987	
T	74	13	23	28	33	38	42	
T	74	3996464	5309616	7919767	10683258	17008974	66812586	
T	75	13	23	28	33	38	42	
T	75	4116290	5430329	8021461	10263014	16851355	65486298	
T	76	13	23	28	33	38	42	
T	76	3485443	5392542	8308468	12578137	24395580	67244763	
T	77	13	23	28	33	38	42	
T	77	3490345	4792187	7156964	10678510	18517529	67893333	
T	78	13	23	28	33	38	42	
T	78	3400815	4536252	6787274	9794722	16312371	68577290	
T	79	13	23	28	33	38	42	
T	79	3441123	4561249	6629517	9334132	15125107	67820826	
T	80	13	23	28	33	38	42	
T	80	3459520	4593276	6539683	9116675	14631005	66777896	
T	81	13	23	28	33	38	42	
T	81	3254158	4380603	6221636	8708164	14033669	65583797	
T	82	13	23	28	33	38	42	
T	82	3265566	4404684	6228489	8699246	14022471	65840947	
T	83	13	23	28	33	38	42	
T	83	3251592	4504197	6220838	8694929	14030738	65886686	
T	84	13	23	28	33	38	42	
T	84	3228197	4573361	6188053	8660619	14037263	65923025	
T	85	13	23	28	33	38	42	
T	85	3527542	5056738	6800694	9334850	14858717	66706208	
T	86	13	23	28	33	38	42	
T	86	3319325	4989312	6764646	9452545	15157813	67704418	
T	87	13	23	28	33	38	42	
T	87	3164377	4768422	6184708	8749532	14345926	64794022	
T	88	13	23	28	33	38	42	
T	88	3180374	4785376	6172421	8682628	14209359	64706848	
T	89	13	23	28	33	38	42	
T	89	3240727	4863839	6225542	8732365	14233371	64555236	
T	90	13	23	28	33	38	42	
T	90	3282114	4911211	6269267	8777262	14281279	64333207	
T	91	13	23	28	33	38	42	
T	91	3313932	4966697	6353893	8887371	14401533	64584261	
T	92	13	23	28	33	38	42	
T	92	3497060	5274652	6749906	9382817	15040226	65831858	
T	93	13	23	28	33	38	42	
T	93	3610491	5462177	7002564	9707364	15485939	66328561	
T	94	13	23	28	33	38	42	
T	94	3693268	5645584	7254557	10057731	16037068	68358281	
T	95	13	23	28	33	38	42	
T	95	3570496	5340673	6830726	9546612	15531134	67280538	
T	96	13	23	28	33	38	42	
T	96	3608490	5391982	6881196	9589892	15516291	66504264	
T	97	13	23	28	33	38	42	
T	97	3637576	5366830	6796832	9406502	15154718	64909858	
T	98	13	23	28	33	38	42	
T	98	3720074	5488477	6962824	9635491	15479470	65472195	
T	99	13	23	28	33	38	42	
T	99	3768393	5554656	7030000	9725968	15626139	65838440	
T	100	13	23	28	33	38	42	
T	100	3823882	5634460	7114184	9828558	15764596	65721232	
T	101	13	23	28	33	38	42	
T	101	3814855	5626834	7140704	9902993	15914932	66184015	
T	102	13	23	28	33	38	42	
T	102	3932740	5716148	7178075	9851564	15663499	63961582	
T	103	13	23	28	33	38	42	
T	103	3913275	5725151	7267059	9938645	15650615	63375718	
T	104	13	23	28	33	38	42	
T	104	4006758	5842439	7354740	10149973	16053858	64545432	
T	105	13	23	28	33	38	42	
T	105	4046351	5897675	7430803	10272732	16236278	65175234	
T	106	13	23	28	33	38	42	
T	106	4170497	6105344	7700428	10680200	16836548	67291588	
T	107	13	23	28	33	38	42	
T	107	4294243	6254341	7839689	10837824	16943603	66759566	
T	108	13	23	28	33	38	42	
T	108	4356048	6386034	8062215	11119564	17223067	66767149	
T	109	13	23	28	33	38	42	
T	109	4363657	6338018	7932389	11023668	17054917	65854786	
T	110	13	23	28	33	38	42	
T	110	4470494	6420211	7983504	11009567	16918637	64086441	
T	111	13	23	28	33	38	42	
T	111	4421393	6406236	8093212	11058799	16746208	63020966	
T	112	13	23	28	33	38	42	
T	112	4419535	6341879	7896464	10951339	16716362	62937406	
T	113	13	23	28	33	38	42	
T	113	4501712	6443148	8007984	11029372	16824060	63621376	
T	114	13	23	28	33	38	42	
T	114	4813939	6838976	8616267	11643161	17415389	63336015	
T	115	13	23	28	33	38	42	
T	115	4676036	6792967	8603247	11730642	17562312	62821420	
T	116	13	23	28	33	38	42	
T	116	4721375	6777101	8385253	11517895	17509042	62343286	
T	117	13	23	28	33	38	42	
T	117	4752090	6756494	8296264	11248887	17002250	60649737	
T	118	13	23	28	33	38	42	
T	118	4820081	6830500	8363267	11305469	17040282	60563170	
T	119	13	23	28	33	38	42	
T	119	4910632	6967741	8490049	11450297	17310394	60816093	
T	120	13	23	28	33	38	42	
T	120	4964413	7046918	8543465	11483641	17387395	60507407	
T	121	13	23	28	33	38	42	
T	121	5072284	7221251	8711545	11683663	17793363	60724687	
T	122	13	23	28	33	38	42	
T	122	5295147	7678511	9150397	12223391	18657709	61134291	
T	123	13	23	28	33	38	42	
T	123	5429275	7926439	9385550	12521017	19144810	61193609	
T	124	13	23	28	33	38	42	
T	124	5645682	8390698	9853205	13139148	20162200	62536943	
T	125	13	23	28	33	38	42	
T	125	5417046	7974806	9360109	12503347	19573856	61421126	
T	126	13	23	28	33	38	42	
T	126	5504110	8177414	9534918	12727046	20041023	61405807	
T	127	13	23	28	33	38	42	
T	127	5453076	7995277	9340436	12363471	19498883	60492541	
T	128	13	23	28	33	38	42	
T	128	5526426	8104171	9497881	12478881	19723838	60471736	
T	129	13	23	28	33	38	42	
T	129	5701019	8381995	9789062	12851935	20408653	61538360	
T	130	13	23	28	33	38	42	
T	130	5790303	8491651	9910984	12929997	20431198	60796855	
T	131	13	23	28	33	38	42	
T	131	5879815	8612013	10059729	13077198	20699931	60848165	
T	132	13	23	28	33	38	42	
T	132	5950670	8662929	10141015	13094712	20681010	59656787	
T	133	13	23	28	33	38	42	
T	133	6016004	8748939	10287821	13224508	20945276	59660416	
T	134	13	23	28	33	38	42	
T	134	6225973	9083194	10796843	13747707	21834563	60843935	
T	135	13	23	28	33	38	42	
T	135	6344840	9099334	10819884	13753963	21828107	60449571	
T	136	13	23	28	33	38	42	
T	136	6609196	9396249	11227841	14230107	22674274	61366785	
T	137	13	23	28	33	38	42	
T	137	6703048	9481082	11243837	14150361	22428873	60644305	
T	138	9	13	23	28	33	38	42	
T	138	7691	6873988	9619219	11450044	14445813	22921803	60674511	
T	139	9	13	23	28	33	38	42	
T	139	14019	7023855	9656932	11449513	14418052	22942793	60492433	
T	140	9	13	23	28	33	38	42	
T	140	7230	7055779	9735229	11544248	14479227	22922086	59503358	
T	141	9	13	23	28	33	38	42	
T	141	20440	7195851	9869749	11697659	14705272	23276591	59671489	
T	142	9	13	23	28	33	38	42	
T	142	85612	7332665	9998592	11831119	14949334	23505781	59465208	
T	143	9	13	23	28	33	38	42	
T	143	112176	7563268	10236535	12080205	15291824	23941948	60229169	
T	144	9	13	23	28	33	38	42	
T	144	148556	7648593	10277800	12133972	15443078	24110975	60187814	
T	145	9	13	23	28	33	38	42	
T	145	221267	7772976	10403111	12251760	15670712	24269258	59818710	
T	146	9	13	23	28	33	38	42	
T	146	266087	8026730	10669979	12521677	15979971	24461755	58706126	
T	147	9	13	23	28	33	38	42	
T	147	283768	8091274	10728518	12568612	16071638	24394824	57436424	
T	148	9	13	23	28	33	38	42	
T	148	355009	8305447	11064555	12951229	16596115	24990355	57876487	
T	149	9	13	23	28	33	38	42	
T	149	464095	10128629	13788701	16795675	22396977	34008851	56543473	
G	0	13	23	28	33	38	
G	0	934389	934390	2226238	55127061	55127072	
G	1	13	28	33	38	
G	1	779075	1861475	49562359	49562415	
G	2	13	23	28	33	38	
G	2	934604	934751	2239558	14043796	59063792	
G	3	13	23	28	33	38	
G	3	821203	942723	2042898	6856066	58183664	
G	4	13	23	28	33	38	
G	4	661391	1158895	1689773	4482148	56675187	
G	5	13	23	28	33	38	42	
G	5	791748	1075789	1745239	4332496	10675616	61722843	
G	6	13	23	28	33	38	42	
G	6	473582	976212	1585805	3696297	9664764	65071247	
G	7	13	23	28	33	38	42	
G	7	544736	824524	1185469	2901526	6614240	30940429	
G	8	13	23	28	33	38	42	
G	8	435299	627374	871590	2007038	4322711	21473834	
G	9	13	23	28	33	38	42	
G	9	404171	589861	851977	1992641	4520961	22482484	
G	10	13	23	28	33	38	42	
G	10	345418	507519	732876	1741353	3957886	21137185	
G	11	13	23	28	33	38	42	
G	11	356246	497275	764151	1912480	4187553	23892296	
G	12	13	23	28	33	38	42	
G	12	382138	548689	839987	1969126	4010845	22729146	
G	13	13	23	28	33	38	42	
G	13	604633	1065186	1593699	2775808	5631763	28591403	
G	14	13	23	28	33	38	42	
G	14	461388	841221	1308575	2247900	4650672	24191726	
G	15	13	23	28	33	38	42	
G	15	454942	870697	1463511	2491476	5983161	37315434	
G	16	13	23	28	33	38	42	
G	16	483975	928033	1430591	3018525	7586415	52141515	
G	17	13	23	28	33	38	42	
G	17	603062	1156699	1758593	3756321	9374541	63526166	
G	18	13	23	28	33	38	42	
G	18	561899	1104078	1790200	3570972	8395925	57412418	
G	19	13	23	28	33	38	42	
G	19	528366	1028593	1652131	3438949	8160012	56103137	
G	20	13	23	28	33	38	42	
G	20	496658	1002768	1707452	3261353	7728126	54352856	
G	21	13	23	28	33	38	42	
G	21	740179	1338179	2230981	3766359	8591278	58361251	
G	22	13	23	28	33	38	42	
G	22	580836	1132035	1960899	3520186	7944000	52050935	
G	23	13	23	28	33	38	42	
G	23	632529	1216245	2157769	3487527	8348086	56852301	
G	24	13	23	28	33	38	42	
G	24	551360	1136342	2099911	3414233	8145851	55894904	
G	25	13	23	28	33	38	42	
G	25	710056	1279209	2264108	3465741	8046046	53919132	
G	26	13	23	28	33	38	42	
G	26	719792	1338359	2350716	3577165	8303833	55992045	
G	27	13	23	28	33	38	42	
G	27	793618	1468908	2549529	3834698	8859339	59877454	
G	28	13	23	28	33	38	42	
G	28	723126	1346645	2350944	3536198	8077328	54667035	
G	29	13	23	28	33	38	42	
G	29	698392	1301620	2277096	3419836	7801726	52526025	
G	30	13	23	28	33	38	42	
G	30	736400	1359000	2371932	3541062	8062803	54701948	
G	31	13	23	28	33	38	42	
G	31	845197	1536545	2645530	3924379	8891174	59491431	
G	32	13	23	28	33	38	42	
G	32	826970	1492770	2540128	3768416	8370120	53520472	
G	33	13	23	28	33	38	42	
G	33	839075	1518406	2569744	3823736	8475629	54696624	
G	34	13	23	28	33	38	42	
G	34	859387	1552616	2610519	3887950	8538818	55552310	
G	35	13	23	28	33	38	42	
G	35	849740	1523311	2576354	3795307	8396604	54719663	
G	36	13	23	28	33	38	42	
G	36	937407	1617295	2674460	3879996	8397835	52045268	
G	37	13	23	28	33	38	42	
G	37	873697	1550496	2596045	3811609	8350056	52998653	
G	38	13	23	28	33	38	42	
G	38	926458	1592455	2637842	3817617	8288633	51997149	
G	39	13	23	28	33	38	42	
G	39	1135813	1833915	2914292	4112071	8654277	52010017	
G	40	13	23	28	33	38	42	
G	40	1088484	1839042	3007143	4236691	8916496	54099817	
G	41	13	23	28	33	38	42	
G	41	1230155	1970106	3130382	4391655	9288903	56534510	
G	42	13	23	28	33	38	42	
G	42	1227351	1943655	3075149	4302980	9030383	54364047	
G	43	13	23	28	33	38	42	
G	43	1246219	1972776	3125262	4366128	9095758	54263292	
G	44	13	23	28	33	38	42	
G	44	1352667	2125075	3313773	4594132	9505267	56568711	
G	45	13	23	28	33	38	42	
G	45	1555740	2381032	3628494	4932411	9899905	57324495	
G	46	13	23	28	33	38	42	
G	46	1536406	2321292	3512357	4755998	9532220	53629074	
G	47	13	23	28	33	38	42	
G	47	1614898	2386296	3543077	4741134	9297072	51668015	
G	48	13	23	28	33	38	42	
G	48	1784470	2579277	3759696	4952938	9484676	51596236	
G	49	13	23	28	33	38	42	
G	49	2176485	3042875	4310025	5522950	10155757	52552263	
G	50	13	23	28	33	38	42	
G	50	2118168	2978943	4227319	5444863	10098396	53076575	
G	51	13	23	28	33	38	42	
G	51	2169729	3052080	4313828	5525121	10154359	52291061	
G	52	13	23	28	33	38	42	
G	52	2362440	3308945	4623025	5885111	10640438	53378448	
G	53	13	23	28	33	38	42	
G	53	2462777	3419289	4740467	5981846	10664305	52497728	
G	54	13	23	28	33	38	42	
G	54	2540124	3520802	4836989	6092751	10777542	52965424	
G	55	13	23	28	33	38	42	
G	55	2738905	3767528	5137621	6452459	11309854	54393731	
G	56	13	23	28	33	38	42	
G	56	2881019	3942349	5359017	6712310	11637790	55415827	
G	57	13	23	28	33	38	42	
G	57	3119556	4204611	5664284	7027666	11955138	55584870	
G	58	13	23	28	33	38	42	
G	58	3485597	4647239	6189867	7627069	12515591	55892624	
G	59	13	23	28	33	38	42	
G	59	3846040	5070672	6654306	8153105	12934528	55930020	
G	60	13	23	28	33	38	42	
G	60	4184750	5496771	7150376	8686280	13299964	55245089	
G	61	13	23	28	33	38	42	
G	61	3898945	5329378	7163308	8718287	13345398	54945587	
G	62	13	23	28	33	38	42	
G	62	4151346	5495485	7146801	8859934	13920821	57096314	
G	63	13	23	28	33	38	42	
G	63	4398880	5769429	7436858	9125256	13952020	56993267	
G	64	13	23	28	33	38	42	
G	64	4226723	5537354	7157167	8797300	13570556	56383453	
G	65	13	23	28	33	38	42	
G	65	4485563	5850340	7506506	9126942	13919926	55611767	
G	66	13	23	28	33	38	42	
G	66	4598716	6012320	7727155	9392000	14314692	56269633	
G	67	13	23	28	33	38	42	
G	67	4692352	6111781	7808603	9456675	14272057	55331153	
G	68	13	23	28	33	38	42	
G	68	4734456	6193704	7934452	9660114	14601861	56362781	
G	69	13	23	28	33	38	42	
G	69	4857673	6486396	8428195	10218882	15150158	56364691	
G	70	13	23	28	33	38	42	
G	70	4764622	6254798	8000488	9863284	14976054	56914644	
G	71	13	23	28	33	38	42	
G	71	5135058	6701035	8484728	10299046	15057852	54829167	
G	72	13	23	28	33	38	42	
G	72	5123069	6791323	8723438	10686580	15604478	55832820	
G	73	13	23	28	33	38	42	
G	73	5119694	6777379	8691395	10801355	15766518	56959319	
G	74	13	23	28	33	38	42	
G	74	4840773	6361286	8134661	10302661	15165318	57604179	
G	75	13	23	28	33	38	42	
G	75	4926547	6474872	8275112	10166684	15214120	57648535	
G	76	13	23	28	33	38	42	
G	76	4664484	7209836	9411909	13873938	25869042	56427203	
G	77	13	23	28	33	38	42	
G	77	4623212	6198055	7848979	10600556	16773302	56888125	
G	78	13	23	28	33	38	42	
G	78	4461363	5748995	7181059	9286454	13956295	54972195	
G	79	13	23	28	33	38	42	
G	79	4302176	5542330	6840923	8727109	12860506	55518904	
G	80	13	23	28	33	38	42	
G	80	4537211	5821660	7102781	8838525	12661590	54626017	
G	81	13	23	28	33	38	42	
G	81	4532624	5817696	7037787	8722984	12430312	54542900	
G	82	13	23	28	33	38	42	
G	82	4446942	5718876	6928472	8621712	12350012	54922333	
G	83	13	23	28	33	38	42	
G	83	4634555	6046832	7205979	8916384	12665572	55558506	
G	84	13	23	28	33	38	42	
G	84	4551438	6001637	7089866	8811662	12606673	55652697	
G	85	13	23	28	33	38	42	
G	85	4983826	6613645	7754709	9469044	13260353	55603520	
G	86	13	23	28	33	38	42	
G	86	4477121	6165450	7284700	9115451	13009561	55779658	
G	87	13	23	28	33	38	42	
G	87	4638676	6326582	7302628	9177579	13299629	56814418	
G	88	13	23	28	33	38	42	
G	88	4606970	6265888	7201847	8982974	12914293	55589025	
G	89	13	23	28	33	38	42	
G	89	4678644	6376802	7292258	9050727	12902670	54984640	
G	90	13	23	28	33	38	42	
G	90	4770127	6495847	7408463	9140155	12940072	54532635	
G	91	13	23	28	33	38	42	
G	91	4872245	6630058	7561275	9332747	13190733	54983531	
G	92	13	23	28	33	38	42	
G	92	4886360	6630193	7551344	9322451	13176781	55021761	
G	93	13	23	28	33	38	42	
G	93	4983817	6749016	7681047	9443904	13286334	53964365	
G	94	13	23	28	33	38	42	
G	94	5044635	6780785	7685579	9425340	13229657	53743516	
G	95	13	23	28	33	38	42	
G	95	5208658	7033783	7966583	9727304	13574796	54007936	
G	96	13	23	28	33	38	42	
G	96	5213749	7048283	7996776	9784926	13695151	54363334	
G	97	13	23	28	33	38	42	
G	97	5357906	7254557	8223587	10054384	14060960	55540000	
G	98	13	23	28	33	38	42	
G	98	5527267	7503597	8515069	10403179	14484752	55822916	
G	99	13	23	28	33	38	42	
G	99	5508335	7458573	8449989	10304247	14328125	55293123	
G	100	13	23	28	33	38	42	
G	100	5590633	7542167	8512581	10327972	14281989	54515551	
G	101	13	23	28	33	38	42	
G	101	5701813	7689229	8684850	10532329	14525241	54332748	
G	102	13	23	28	33	38	42	
G	102	5931969	7995592	9001066	10860419	14861564	54703524	
G	103	13	23	28	33	38	42	
G	103	5823840	7905965	8945223	10790819	14728663	53846501	
G	104	13	23	28	33	38	42	
G	104	5944823	8021431	9032371	10941125	14940207	54287773	
G	105	13	23	28	33	38	42	
G	105	6023464	8120278	9132256	11022272	15013043	54162952	
G	106	13	23	28	33	38	42	
G	106	6097534	8169385	9159710	11007559	14892267	53201784	
G	107	13	23	28	33	38	42	
G	107	6315167	8452616	9458948	11334205	15240381	53369638	
G	108	13	23	28	33	38	42	
G	108	6258320	8414802	9450828	11333532	15215313	53202159	
G	109	13	23	28	33	38	42	
G	109	6297608	8429318	9441868	11387649	15339609	53058648	
G	110	13	23	28	33	38	42	
G	110	6633897	8833887	9864947	11810207	15811929	53428145	
G	111	13	23	28	33	38	42	
G	111	6484911	8784549	9914967	11899112	15908584	53520816	
G	112	13	23	28	33	38	42	
G	112	6557588	8811996	9883131	11973826	16079782	54174239	
G	113	13	23	28	33	38	42	
G	113	6695126	8936566	9983426	11955400	15942285	53560092	
G	114	13	23	28	33	38	42	
G	114	7091615	9470943	10660103	12696715	16752411	54524953	
G	115	13	23	28	33	38	42	
G	115	6911993	9405955	10612868	12709619	16797257	53766523	
G	116	13	23	28	33	38	42	
G	116	7021449	9450584	10543891	12676788	16979587	54348437	
G	117	13	23	28	33	38	42	
G	117	7126641	9582343	10667003	12719152	16977242	54273473	
G	118	13	23	28	33	38	42	
G	118	7171452	9666937	10764757	12853451	17202776	55119193	
G	119	13	23	28	33	38	42	
G	119	7382889	9969275	11051781	13117922	17457665	54489948	
G	120	13	23	28	33	38	42	
G	120	7454459	10086623	11138482	13182618	17533026	54093512	
G	121	13	23	28	33	38	42	
G	121	7636473	10348445	11390453	13459736	17972328	54303034	
G	122	13	23	28	33	38	42	
G	122	7621481	10376519	11373575	13478033	18291505	54695690	
G	123	13	23	28	33	38	42	
G	123	7763613	10563539	11527507	13599302	18427585	53426571	
G	124	13	23	28	33	38	42	
G	124	7927609	10807783	11724874	13782018	18723794	53069212	
G	125	13	23	28	33	38	42	
G	125	7929605	10831623	11734614	13784161	18796706	52793270	
G	126	13	23	28	33	38	42	
G	126	8081610	11123547	12005710	14087787	19276764	53319010	
G	127	13	23	28	33	38	42	
G	127	8176274	11244994	12164421	14268920	19627171	54102517	
G	128	13	23	28	33	38	42	
G	128	8157539	11224357	12183357	14287708	19798102	54289817	
G	129	13	23	28	33	38	42	
G	129	8442862	11554413	12481555	14504797	19846703	52936880	
G	130	13	23	28	33	38	42	
G	130	8550428	11711999	12667220	14718920	20196139	53521020	
G	131	13	23	28	33	38	42	
G	131	8538222	11660310	12628587	14664753	20193796	53438844	
G	132	13	23	28	33	38	42	
G	132	8754651	11977268	12999149	15052988	20664446	53668917	
G	133	13	23	28	33	38	42	
G	133	8761620	11949837	12988201	14984790	20539640	52708839	
G	134	13	23	28	33	38	42	
G	134	9083824	12394500	13536704	15512354	21198249	53644303	
G	135	13	23	28	33	38	42	
G	135	9192373	12346829	13501842	15504453	21260166	53940343	
G	136	13	23	28	33	38	42	
G	136	9524140	12571961	13716175	15624645	21215006	52701374	
G	137	13	23	28	33	38	42	
G	137	9706478	12741761	13886250	15795637	21442523	52654214	
G	138	9	13	23	28	33	38	42	
G	138	29942	9826732	12762502	13925250	15864142	21526466	52512479	
G	139	9	13	23	28	33	38	42	
G	139	61876	10133304	12936377	14099668	16035012	21744496	52588721	
G	140	9	13	23	28	33	38	42	
G	140	32037	10196375	13142090	14360593	16332550	22196712	53046491	
G	141	9	13	23	28	33	38	42	
G	141	89016	10338708	13180711	14408344	16435923	22421228	53256334	
G	142	9	13	23	28	33	38	42	
G	142	352657	10529717	13377239	14633796	16785382	22870850	53846773	
G	143	9	13	23	28	33	38	42	
G	143	467852	10860383	13617943	14836071	16955021	22810074	53010988	
G	144	9	13	23	28	33	38	42	
G	144	643230	11003202	13683304	14900979	17084680	22958672	53162680	
G	145	9	13	23	28	33	38	42	
G	145	888397	11110840	13749889	14972415	17247444	23104125	53116096	
G	146	9	13	23	28	33	38	42	
G	146	1089166	11570980	14336735	15603523	17968984	23921454	53916473	
G	147	9	13	23	28	33	38	42	
G	147	1174459	11603752	14311994	15561039	17930637	23678510	52195580	
G	148	9	13	23	28	33	38	42	
G	148	1411775	11677520	14436464	15717385	18198207	24037146	52770378	
G	149	9	13	23	28	33	38	42	
G	149	1731285	12933328	16055548	18308887	22315011	31165638	51933070	
C	0	13	23	28	33	38	
C	0	706349	706351	1670874	76381578	76381586	
C	1	13	28	33	38	
C	1	560269	1318008	55350650	55350683	
C	2	13	23	28	33	38	
C	2	666264	666392	1543896	12765332	61374310	
C	3	13	23	28	33	38	
C	3	589724	649249	1431155	5638162	60305567	
C	4	13	23	28	33	38	
C	4	536079	926521	1309129	4045023	66074765	
C	5	13	23	28	33	38	42	
C	5	488404	604660	956313	2877469	6849469	45176767	
C	6	13	23	28	33	38	42	
C	6	373108	761022	1175832	3469778	8842975	43390994	
C	7	13	23	28	33	38	42	
C	7	701139	938593	1646027	5203271	11885048	85878344	
C	8	13	23	28	33	38	42	
C	8	947131	1179003	2099348	7128165	15868079	126538372	
C	9	13	23	28	33	38	42	
C	9	516178	662321	1192871	3628532	8731939	77644886	
C	10	13	23	28	33	38	42	
C	10	639075	843614	1445426	4087461	9173440	79192045	
C	11	13	23	28	33	38	42	
C	11	249025	321795	519338	1461805	3231342	23281672	
C	12	13	23	28	33	38	42	
C	12	217361	303376	436721	1132147	2642628	19798877	
C	13	13	23	28	33	38	42	
C	13	603442	1071312	1775275	3337702	9083854	70651606	
C	14	13	23	28	33	38	42	
C	14	737913	1414184	2617906	5192507	13656117	89182754	
C	15	13	23	28	33	38	42	
C	15	798337	1528602	2881720	5148413	13428970	96356081	
C	16	13	23	28	33	38	42	
C	16	517847	982826	1405077	3543618	9147785	62196114	
C	17	13	23	28	33	38	42	
C	17	454628	847163	1228093	3002230	7641488	56798492	
C	18	13	23	28	33	38	42	
C	18	413462	816821	1301029	2993203	7538147	58440572	
C	19	13	23	28	33	38	42	
C	19	391879	755136	1174714	2753124	6686733	51847529	
C	20	13	23	28	33	38	42	
C	20	401011	824475	1406814	2815829	6856559	51016245	
C	21	13	23	28	33	38	42	
C	21	647523	1170128	2096443	3514428	8378770	54786022	
C	22	13	23	28	33	38	42	
C	22	534632	1110007	2146533	3835233	9088054	56333181	
C	23	13	23	28	33	38	42	
C	23	618915	1315484	2838867	4405990	11083601	61776472	
C	24	13	23	28	33	38	42	
C	24	620565	1364514	3138031	4693258	12070226	65494505	
C	25	13	23	28	33	38	42	
C	25	714240	1351914	2516319	3687140	8636925	59925092	
C	26	13	23	28	33	38	42	
C	26	668853	1342987	2376702	3555743	8257286	61105814	
C	27	13	23	28	33	38	42	
C	27	642147	1248795	2138785	3166819	7099606	53908044	
C	28	13	23	28	33	38	42	
C	28	654334	1289212	2204704	3254606	7228160	54698604	
C	29	13	23	28	33	38	42	
C	29	719460	1405415	2444842	3562621	7955463	59208818	
C	30	13	23	28	33	38	42	
C	30	748318	1427816	2476639	3576150	7890868	59110528	
C	31	13	23	28	33	38	42	
C	31	793078	1491211	2579008	3706650	8097072	60861775	
C	32	13	23	28	33	38	42	
C	32	841514	1581077	2760688	3951616	8678298	65789268	
C	33	13	23	28	33	38	42	
C	33	825408	1561416	2675879	3842923	8194042	61310652	
C	34	13	23	28	33	38	42	
C	34	865270	1581828	2627181	3743757	7875886	57522109	
C	35	13	23	28	33	38	42	
C	35	893735	1663119	2729444	3934579	8237306	59670817	
C	36	13	23	28	33	38	42	
C	36	921059	1751987	2861781	4122844	8513243	59751297	
C	37	13	23	28	33	38	42	
C	37	872043	1597452	2630791	3724093	7785207	54132070	
C	38	13	23	28	33	38	42	
C	38	962471	1727201	2818111	3942049	8166850	56828786	
C	39	13	23	28	33	38	42	
C	39	1183413	2031983	3228721	4409778	8829264	58922113	
C	40	13	23	28	33	38	42	
C	40	1103089	1952293	3135561	4276932	8380796	55158466	
C	41	13	23	28	33	38	42	
C	41	1118008	1906647	3020398	4149302	8322100	55576769	
C	42	13	23	28	33	38	42	
C	42	1225131	2034842	3212770	4329880	8491521	55292949	
C	43	13	23	28	33	38	42	
C	43	1218226	1976870	3046605	4080710	7862480	51144712	
C	44	13	23	28	33	38	42	
C	44	1278663	2046292	3125163	4157044	7927927	50808791	
C	45	13	23	28	33	38	42	
C	45	1251834	2011678	3052750	4076746	7798351	50679000	
C	46	13	23	28	33	38	42	
C	46	1383860	2217185	3342871	4417345	8284092	52192365	
C	47	13	23	28	33	38	42	
C	47	1599722	2463791	3642093	4722170	8633239	52548535	
C	48	13	23	28	33	38	42	
C	48	1763954	2683522	3926127	5041107	9052518	53512699	
C	49	13	23	28	33	38	42	
C	49	1766187	2673491	3879345	4965995	8825385	52288496	
C	50	13	23	28	33	38	42	
C	50	1929841	2887422	4150867	5250630	9182495	53146284	
C	51	13	23	28	33	38	42	
C	51	2009611	3006389	4323008	5445610	9455568	53599878	
C	52	13	23	28	33	38	42	
C	52	2114943	3138591	4473654	5580216	9514931	52551599	
C	53	13	23	28	33	38	42	
C	53	2152588	3187468	4511270	5634968	9612150	53047639	
C	54	13	23	28	33	38	42	
C	54	2317926	3408324	4775771	5924076	9963897	53471190	
C	55	13	23	28	33	38	42	
C	55	2539838	3622401	5030993	6142852	10078812	52430173	
C	56	13	23	28	33	38	42	
C	56	2817458	3939899	5372037	6499779	10415785	52860410	
C	57	13	23	28	33	38	42	
C	57	3127434	4336444	5876261	7043925	11059470	53946984	
C	58	13	23	28	33	38	42	
C	58	3359417	4627888	6263578	7561523	11680833	55602247	
C	59	13	23	28	33	38	42	
C	59	3456316	4770029	6469006	7854569	11996144	56892338	
C	60	13	23	28	33	38	42	
C	60	4061284	5605391	7516826	9013681	13087111	57638841	
C	61	13	23	28	33	38	42	
C	61	3667144	5271258	7316271	8844793	12920986	56734354	
C	62	13	23	28	33	38	42	
C	62	3787104	5190403	6934631	8427853	12685603	54583667	
C	63	13	23	28	33	38	42	
C	63	4023465	5471964	7227246	8687499	12664887	53780701	
C	64	13	23	28	33	38	42	
C	64	4161435	5697393	7459439	8991374	12981935	54804539	
C	65	13	23	28	33	38	42	
C	65	4208326	5753128	7521941	9071263	13075260	54573756	
C	66	13	23	28	33	38	42	
C	66	4252811	5839546	7647340	9258192	13349118	55116867	
C	67	13	23	28	33	38	42	
C	67	4283963	5863538	7646662	9198944	13255658	54670140	
C	68	13	23	28	33	38	42	
C	68	4858955	6771406	8850091	10479867	14612983	55959499	
C	69	13	23	28	33	38	42	
C	69	4309084	6050711	8037233	9734163	13920420	55343585	
C	70	13	23	28	33	38	42	
C	70	4413577	6049876	7866588	9544064	13694166	54039982	
C	71	13	23	28	33	38	42	
C	71	4623459	6333970	8233427	9973974	14051391	54524785	
C	72	13	23	28	33	38	42	
C	72	4648772	6451534	8461118	10332643	14485341	54440151	
C	73	13	23	28	33	38	42	
C	73	4500668	6232373	8158479	10148039	14172483	54284491	
C	74	13	23	28	33	38	42	
C	74	4673693	6427040	8339678	10413891	14275014	54983212	
C	75	13	23	28	33	38	42	
C	75	4643682	6387717	8285935	10056583	14123394	54990682	
C	76	13	23	28	33	38	42	
C	76	4060199	6677291	8671321	12507869	21727994	54527374	
C	77	13	23	28	33	38	42	
C	77	4080528	5814249	7446888	9956137	14793016	54737542	
C	78	13	23	28	33	38	42	
C	78	4218233	5814265	7420051	9538507	13319386	54683298	
C	79	13	23	28	33	38	42	
C	79	4093181	5619139	7126465	9105590	12539577	54515730	
C	80	13	23	28	33	38	42	
C	80	3969152	5480802	6950686	8903088	12251648	55194303	
C	81	13	23	28	33	38	42	
C	81	4076634	5675249	7127488	9060364	12368725	55380262	
C	82	13	23	28	33	38	42	
C	82	3997238	5571526	7000388	8917406	12184046	55231956	
C	83	13	23	28	33	38	42	
C	83	4001074	5673890	6954456	8842163	12058279	54541839	
C	84	13	23	28	33	38	42	
C	84	4154315	5981097	7187342	9087254	12308582	54786713	
C	85	13	23	28	33	38	42	
C	85	4393134	6405638	7633970	9527036	12754785	54484739	
C	86	13	23	28	33	38	42	
C	86	4082860	6231220	7400383	9427547	12806034	55569617	
C	87	13	23	28	33	38	42	
C	87	4111156	6224626	7231892	9269864	12808045	56353053	
C	88	13	23	28	33	38	42	
C	88	4192274	6340808	7337566	9330487	12747303	55975356	
C	89	13	23	28	33	38	42	
C	89	4210295	6393876	7361663	9349559	12735930	55886932	
C	90	13	23	28	33	38	42	
C	90	4286954	6475117	7424237	9355053	12627195	54322786	
C	91	13	23	28	33	38	42	
C	91	4361092	6552998	7499130	9419603	12675590	54120388	
C	92	13	23	28	33	38	42	
C	92	4566961	6860029	7832150	9774956	13042391	54271101	
C	93	13	23	28	33	38	42	
C	93	4597899	6951332	7958584	9981289	13324039	53990394	
C	94	13	23	28	33	38	42	
C	94	4708586	7134994	8162452	10236562	13622646	54308804	
C	95	13	23	28	33	38	42	
C	95	4714054	7206359	8275323	10447474	13988126	55641573	
C	96	13	23	28	33	38	42	
C	96	4758040	7150309	8151207	10141672	13513598	54805796	
C	97	13	23	28	33	38	42	
C	97	4857812	7321725	8345629	10365435	13789675	55211027	
C	98	13	23	28	33	38	42	
C	98	4968670	7414775	8408964	10346586	13593155	53690727	
C	99	13	23	28	33	38	42	
C	99	5027688	7497361	8498823	10455109	13731737	53925634	
C	100	13	23	28	33	38	42	
C	100	5134789	7657918	8671059	10630341	13911136	53958774	
C	101	13	23	28	33	38	42	
C	101	5192331	7758787	8790106	10795587	14154950	55278476	
C	102	13	23	28	33	38	42	
C	102	5392967	8056561	9117559	11164295	14585162	55866749	
C	103	13	23	28	33	38	42	
C	103	5352773	8075952	9208465	11299110	14792960	56445139	
C	104	13	23	28	33	38	42	
C	104	5469136	8140709	9193579	11253667	14646244	54899224	
C	105	13	23	28	33	38	42	
C	105	5475557	8152125	9193655	11235129	14577638	54676305	
C	106	13	23	28	33	38	42	
C	106	5685917	8415804	9451023	11482096	14740258	53733088	
C	107	13	23	28	33	38	42	
C	107	5809749	8599949	9667745	11756955	15072075	54389423	
C	108	13	23	28	33	38	42	
C	108	5896723	8718610	9816475	11859717	15140699	53811410	
C	109	13	23	28	33	38	42	
C	109	5961197	8792161	9869179	11970440	15308312	54094150	
C	110	13	23	28	33	38	42	
C	110	6296460	9286371	10421098	12559042	15956926	55240878	
C	111	13	23	28	33	38	42	
C	111	6208022	9230075	10430874	12526804	15830460	54457364	
C	112	13	23	28	33	38	42	
C	112	6245382	9211245	10327633	12506215	15904283	54890527	
C	113	13	23	28	33	38	42	
C	113	6365344	9312907	10399203	12473725	15769662	53932235	
C	114	13	23	28	33	38	42	
C	114	6884779	10002267	11218200	13280797	16491458	53469578	
C	115	13	23	28	33	38	42	
C	115	6662190	9870944	11113262	13262558	16557426	53636141	
C	116	13	23	28	33	38	42	
C	116	6767978	9945771	11059733	13238717	16724673	54265670	
C	117	13	23	28	33	38	42	
C	117	6776799	9956481	11062105	13199960	16688651	54702616	
C	118	13	23	28	33	38	42	
C	118	6956754	10163270	11245764	13315314	16667547	53373218	
C	119	13	23	28	33	38	42	
C	119	7055332	10326203	11390800	13471643	16916172	53655356	
C	120	13	23	28	33	38	42	
C	120	7126578	10438186	11472386	13552362	17053002	53387893	
C	121	13	23	28	33	38	42	
C	121	7263102	10652586	11667281	13752754	17351967	53359996	
C	122	13	23	28	33	38	42	
C	122	7450914	10990765	11948173	14041891	17859272	53639038	
C	123	13	23	28	33	38	42	
C	123	7506866	11177118	12139637	14352985	18360419	53651656	
C	124	13	23	28	33	38	42	
C	124	7686080	11491569	12409640	14659554	18852505	53618447	
C	125	13	23	28	33	38	42	
C	125	7745036	11715482	12663227	15055657	19532998	54766815	
C	126	13	23	28	33	38	42	
C	126	7762872	11604251	12449247	14620312	19003057	53648139	
C	127	13	23	28	33	38	42	
C	127	7889164	11822347	12694974	14887723	19422605	54273357	
C	128	13	23	28	33	38	42	
C	128	8085307	11998223	12885604	14952290	19336964	53774564	
C	129	13	23	28	33	38	42	
C	129	8236257	12225143	13100031	15169174	19614211	53623915	
C	130	13	23	28	33	38	42	
C	130	8422241	12516254	13413066	15489581	19974747	53690941	
C	131	13	23	28	33	38	42	
C	131	8588022	12714879	13638924	15721138	20349606	54719653	
C	132	13	23	28	33	38	42	
C	132	8655457	12758696	13721975	15789088	20450763	54517826	
C	133	13	23	28	33	38	42	
C	133	8762443	12971555	13975223	16033546	20766952	54197015	
C	134	13	23	28	33	38	42	
C	134	9007277	13245596	14341227	16331114	21063210	54109562	
C	135	13	23	28	33	38	42	
C	135	9264079	13268768	14350229	16328530	20957128	53465178	
C	136	13	23	28	33	38	42	
C	136	9600307	13552772	14672216	16648410	21328877	53688413	
C	137	13	23	28	33	38	42	
C	137	9904252	13874516	15029200	17072382	21912147	54692561	
C	138	9	13	23	28	33	38	42	
C	138	31625	10165082	14053175	15191360	17165876	21917479	53865442	
C	139	9	13	23	28	33	38	42	
C	139	59238	10418267	14044326	15182929	17136890	21918314	53515015	
C	140	9	13	23	28	33	38	42	
C	140	33107	10514632	14373169	15574415	17585393	22545208	54665749	
C	141	9	13	23	28	33	38	42	
C	141	85861	10851047	14597936	15773082	17771394	22651641	54088231	
C	142	9	13	23	28	33	38	42	
C	142	377456	11032327	14708454	15880381	17935313	22813793	53862290	
C	143	9	13	23	28	33	38	42	
C	143	502449	11264423	14815661	15991459	18115190	23081888	54433126	
C	144	9	13	23	28	33	38	42	
C	144	677405	11481722	14862103	16002710	18095588	22845186	52885095	
C	145	9	13	23	28	33	38	42	
C	145	947539	11781869	15174237	16319533	18476450	23207968	52993964	
C	146	9	13	23	28	33	38	42	
C	146	1165033	11941329	15336068	16509047	18738387	23556075	53231612	
C	147	9	13	23	28	33	38	42	
C	147	1252338	12091127	15486669	16673679	18971444	23831652	53130123	
C	148	9	13	23	28	33	38	42	
C	148	1494207	12346580	15828313	17035044	19408981	24319727	53366865	
C	149	9	13	23	28	33	38	42	
C	149	1712482	12775860	16292455	18107095	21664979	29411406	51636666	
N	0	3	
N	0	526344	
N	1	3	
N	1	404784	
N	2	3	
N	2	68179	
N	3	3	
N	3	4148	
N	4	
N	4	
N	5	3	
N	5	4314	
N	6	
N	6	
N	7	
N	7	
N	8	
N	8	
N	9	
N	9	
N	10	
N	10	
N	11	3	
N	11	13944	
N	12	
N	12	
N	13	
N	13	
N	14	
N	14	
N	15	
N	15	
N	16	3	
N	16	12008	
N	17	3	
N	17	23550	
N	18	
N	18	
N	19	
N	19	
N	20	
N	20	
N	21	
N	21	
N	22	
N	22	
N	23	
N	23	
N	24	
N	24	
N	25	3	
N	25	16029	
N	26	
N	26	
N	27	
N	27	
N	28	
N	28	
N	29	3	
N	29	12643	
N	30	3	
N	30	88	
N	31	3	
N	31	51141	
N	32	3	
N	32	25246	
N	33	3	
N	33	6998	
N	34	
N	34	
N	35	3	
N	35	5743	
N	36	
N	36	
N	37	
N	37	
N	38	3	
N	38	993	
N	39	3	
N	39	4073	
N	40	3	
N	40	19729	
N	41	3	
N	41	179	
N	42	3	
N	42	3630	
N	43	
N	43	
N	44	
N	44	
N	45	
N	45	
N	46	3	
N	46	237	
N	47	3	
N	47	19410	
N	48	3	
N	48	17964	
N	49	
N	49	
N	50	
N	50	
N	51	3	
N	51	5803	
N	52	3	
N	52	188	
N	53	
N	53	
N	54	3	
N	54	125	
N	55	
N	55	
N	56	3	
N	56	1	
N	57	
N	57	
N	58	3	
N	58	893	
N	59	3	
N	59	1774	
N	60	
N	60	
N	61	
N	61	
N	62	3	
N	62	15916	
N	63	3	
N	63	37422	
N	64	
N	64	
N	65	3	
N	65	3332	
N	66	3	
N	66	54606	
N	67	
N	67	
N	68	3	
N	68	4259	
N	69	3	
N	69	8681	
N	70	
N	70	
N	71	
N	71	
N	72	3	
N	72	5	
N	73	3	
N	73	8441	
N	74	3	
N	74	29872	
N	75	3	
N	75	14008	
N	76	
N	76	
N	77	3	
N	77	2814	
N	78	3	
N	78	3262	
N	79	3	
N	79	2650	
N	80	
N	80	
N	81	
N	81	
N	82	
N	82	
N	83	
N	83	
N	84	
N	84	
N	85	3	
N	85	2353	
N	86	
N	86	
N	87	3	
N	87	6221	
N	88	
N	88	
N	89	
N	89	
N	90	3	
N	90	1386	
N	91	3	
N	91	4823	
N	92	3	
N	92	47	
N	93	3	
N	93	19767	
N	94	
N	94	
N	95	3	
N	95	3663	
N	96	3	
N	96	9250	
N	97	3	
N	97	2154	
N	98	3	
N	98	21681	
N	99	3	
N	99	9499	
N	100	3	
N	100	8816	
N	101	3	
N	101	3545	
N	102	3	
N	102	2092	
N	103	
N	103	
N	104	3	
N	104	1638	
N	105	
N	105	
N	106	3	
N	106	736	
N	107	3	
N	107	581	
N	108	
N	108	
N	109	
N	109	
N	110	3	
N	110	45038	
N	111	3	
N	111	3772	
N	112	
N	112	
N	113	
N	113	
N	114	3	
N	114	48	
N	115	3	
N	115	6321	
N	116	3	
N	116	67657	
N	117	3	
N	117	7358	
N	118	
N	118	
N	119	3	
N	119	16947	
N	120	3	
N	120	960	
N	121	3	
N	121	1032	
N	122	3	
N	122	32	
N	123	3	
N	123	3	
N	124	3	
N	124	4186	
N	125	3	
N	125	11290	
N	126	
N	126	
N	127	
N	127	
N	128	
N	128	
N	129	
N	129	
N	130	3	
N	130	19877	
N	131	3	
N	131	22033	
N	132	3	
N	132	157	
N	133	3	
N	133	2362081	
N	134	
N	134	
N	135	3	
N	135	2760	
N	136	3	
N	136	319	
N	137	
N	137	
N	138	3	
N	138	31803	
N	139	
N	139	
N	140	3	
N	140	49668	
N	141	
N	141	
N	142	
N	142	
N	143	
N	143	
N	144	
N	144	
N	145	
N	145	
N	146	3	
N	146	5281	
N	147	3	
N	147	2342661	
N	148	
N	148	
N	149	3	
N	149	19284	
