"","mean.support","CI.Dist.ML","Q.Dist.ML","RF.Dist.ML","std.ingroup.colless","std.ingroup.sackin","avg_dxy","missing","maf"
"mean.support",0,-64.5707866268116,-104.690512378901,-47.2624116781975,-48.8389898395732,-54.985182105352,-14.0659652179801,-1.25538278323482,-0.591549802958422
"CI.Dist.ML",1.0012449108601,0,0.413425464933335,0.0616163641936929,0.712081899479662,0.912125759913044,-0.0107992320558332,-0.0101548989156872,-0.00354053024382361
"Q.Dist.ML",0.191937395181721,0.0191556832577968,0,0.0330047775005434,0.217814210081641,0.290728429064336,-0.0125758901601507,-0.00176921233413058,-0.000433827413908695
"RF.Dist.ML",1.46291941955229,-0.11353496426819,0.427001904913154,0,0.907182309027164,1.19839655523116,-0.0158208401472903,-0.0140196234849086,-0.00678480499949481
"std.ingroup.colless",0.0454198858321862,0.581056534623484,1.0139683485062,0.421920532143114,0,0.00471492352496537,0.0159922511905087,0.00381557460774094,0.00961245215175098
"std.ingroup.sackin",-0.0252483439890634,0.392701543069893,0.726084519678959,0.287389944632418,0.0393175860242939,0,0.0108863548853036,0.00181692362812099,0.00648719153286641
"avg_dxy",-0.200450329289504,-0.142377197206838,-1.55864783528909,-0.108818736173616,0.405976151847272,0.522947705988841,0,9.52464499662528e-16,1.52447616232217e-05
"missing",0.576023151624629,-0.335387093879747,-0.301750594382825,-0.219195678580067,0.561098539190173,0.568841437645076,-4.1142826046662e-15,0,6.0286239062222e-17
"maf",15.3977385792535,5.95637804505794,16.455692491856,5.83657469055002,53.2107090869654,62.898113114777,0.00402980132324404,-9.09488140038952e-14,0
